 userid |   ddate    | tpos | lengthh 
--------+------------+------+---------
      0 | 2014-02-12 |   32 |      13
      0 | 2014-02-17 |   79 |      13
      1 | 2014-02-09 |    7 |      15
      2 | 2014-02-10 |   12 |      14
      3 | 2014-02-12 |   34 |      13
      4 | 2014-02-15 |   53 |      15
      5 | 2014-02-14 |   51 |      16
      6 | 2014-02-17 |   86 |      16
      7 | 2014-02-09 |   10 |      14
      8 | 2014-02-16 |   55 |      13
      9 | 2014-02-15 |   66 |      17
     10 | 2014-02-10 |    9 |      14
     10 | 2014-02-14 |   49 |      14
     11 | 2014-02-12 |   34 |      14
     12 | 2014-02-13 |   33 |      12
     12 | 2014-02-14 |   45 |      12
     12 | 2014-02-16 |   65 |      12
     13 | 2014-02-13 |   47 |      13
     13 | 2014-02-16 |   80 |      13
     14 | 2014-02-13 |   38 |      16
     15 | 2014-02-14 |   48 |      17
     16 | 2014-02-11 |   14 |      17
     17 | 2014-02-10 |   17 |      13
     17 | 2014-02-11 |   30 |      13
     17 | 2014-02-13 |   54 |      13
     17 | 2014-02-16 |   86 |      13
     18 | 2014-02-15 |   71 |      13
     19 | 2014-02-10 |   15 |      13
     19 | 2014-02-11 |   28 |      13
     20 | 2014-02-14 |   57 |      13
     21 | 2014-02-12 |   31 |      14
     22 | 2014-02-13 |   39 |      17
     23 | 2014-02-09 |    7 |      19
     24 | 2014-02-14 |   50 |      14
     25 | 2014-02-17 |   79 |      13
     26 | 2014-02-13 |   44 |      17
     27 | 2014-02-17 |   81 |      15
     28 | 2014-02-10 |   13 |      14
     29 | 2014-02-15 |   69 |      15
     30 | 2014-02-14 |   48 |      12
     30 | 2014-02-16 |   65 |      12
     31 | 2014-02-17 |   70 |      16
     32 | 2014-02-13 |   37 |      12
     33 | 2014-02-13 |   40 |      16
     34 | 2014-02-14 |   44 |      14
     34 | 2014-02-17 |   75 |      14
     35 | 2014-02-12 |   39 |      14
     35 | 2014-02-13 |   53 |      14
     36 | 2014-02-11 |   21 |      14
     36 | 2014-02-17 |   68 |      14
     37 | 2014-02-10 |   11 |      13
     38 | 2014-02-09 |    9 |      15
     39 | 2014-02-16 |   68 |      14
     40 | 2014-02-17 |   77 |      17
     41 | 2014-02-14 |   43 |      16
     42 | 2014-02-09 |    3 |      13
     42 | 2014-02-12 |   37 |      13
     43 | 2014-02-16 |   63 |      12
     44 | 2014-02-15 |   55 |      15
     45 | 2014-02-10 |   13 |      15
     46 | 2014-02-09 |    6 |      13
     46 | 2014-02-14 |   56 |      13
     46 | 2014-02-17 |   88 |      13
     47 | 2014-02-16 |   69 |      15
     48 | 2014-02-15 |   63 |      17
     49 | 2014-02-13 |   44 |      16
     50 | 2014-02-15 |   59 |      16
     51 | 2014-02-15 |   43 |      20
     52 | 2014-02-09 |    4 |      14
     52 | 2014-02-12 |   35 |      14
     53 | 2014-02-11 |   16 |      19
     54 | 2014-02-17 |   86 |      14
     55 | 2014-02-11 |   17 |      18
     56 | 2014-02-13 |   50 |      15
     57 | 2014-02-12 |   29 |      16
     58 | 2014-02-13 |   40 |      12
     59 | 2014-02-13 |   34 |      15
     60 | 2014-02-15 |   72 |      19
     61 | 2014-02-14 |   53 |      14
     61 | 2014-02-16 |   70 |      14
     62 | 2014-02-10 |   14 |      13
     63 | 2014-02-10 |   11 |       9
     63 | 2014-02-11 |   20 |       9
     63 | 2014-02-13 |   36 |       9
     63 | 2014-02-16 |   54 |       9
     64 | 2014-02-09 |    7 |      17
     65 | 2014-02-12 |   32 |      21
     66 | 2014-02-15 |   67 |      22
     67 | 2014-02-15 |   53 |      12
     67 | 2014-02-16 |   65 |      12
     68 | 2014-02-10 |   17 |      17
     68 | 2014-02-13 |   50 |      17
     69 | 2014-02-09 |   11 |      17
     70 | 2014-02-10 |   18 |      17
     71 | 2014-02-15 |   43 |      14
     72 | 2014-02-15 |   60 |      15
     73 | 2014-02-16 |   79 |      12
     74 | 2014-02-12 |   38 |      16
     75 | 2014-02-11 |   31 |      17
     76 | 2014-02-09 |    4 |      15
     77 | 2014-02-09 |    7 |      14
     77 | 2014-02-16 |   77 |      14
     78 | 2014-02-12 |   40 |      14
     79 | 2014-02-13 |   42 |      18
     80 | 2014-02-15 |   66 |      17
     81 | 2014-02-16 |   59 |      15
     82 | 2014-02-17 |   83 |      15
     83 | 2014-02-12 |   23 |      13
     84 | 2014-02-10 |   12 |      15
     85 | 2014-02-15 |   74 |      15
     86 | 2014-02-11 |   31 |      16
     87 | 2014-02-17 |   80 |      14
     88 | 2014-02-12 |   34 |      14
     88 | 2014-02-15 |   69 |      14
     89 | 2014-02-09 |    2 |      19
     90 | 2014-02-12 |   38 |      16
     91 | 2014-02-15 |   59 |      17
     92 | 2014-02-17 |   84 |      17
     93 | 2014-02-10 |   19 |      14
     93 | 2014-02-12 |   44 |      14
     94 | 2014-02-14 |   58 |      13
     94 | 2014-02-16 |   76 |      13
     94 | 2014-02-17 |   89 |      13
     95 | 2014-02-09 |    6 |      16
     96 | 2014-02-13 |   39 |      19
     97 | 2014-02-16 |   81 |      16
     98 | 2014-02-17 |   96 |      14
     99 | 2014-02-14 |   49 |      13
    100 | 2014-02-13 |   43 |      18
    101 | 2014-02-15 |   62 |      15
    102 | 2014-02-15 |   49 |      14
    103 | 2014-02-11 |   18 |      16
    104 | 2014-02-12 |   33 |      13
    104 | 2014-02-15 |   62 |      13
    104 | 2014-02-16 |   75 |      13
    105 | 2014-02-15 |   62 |      16
    106 | 2014-02-14 |   47 |      12
    107 | 2014-02-14 |   49 |      12
    108 | 2014-02-12 |   37 |      19
    109 | 2014-02-11 |   29 |      13
    109 | 2014-02-13 |   47 |      13
    109 | 2014-02-15 |   69 |      13
    110 | 2014-02-16 |   61 |      14
    111 | 2014-02-10 |   14 |      13
    112 | 2014-02-16 |   78 |      17
    113 | 2014-02-10 |    9 |      15
    114 | 2014-02-12 |   41 |      15
    115 | 2014-02-16 |   68 |      14
    116 | 2014-02-13 |   35 |      12
    117 | 2014-02-11 |   20 |      18
    118 | 2014-02-12 |   42 |      15
    119 | 2014-02-15 |   65 |      15
    120 | 2014-02-16 |   56 |      12
    121 | 2014-02-14 |   46 |      13
    122 | 2014-02-12 |   35 |      17
    123 | 2014-02-12 |   33 |      15
    124 | 2014-02-17 |   77 |      15
    125 | 2014-02-11 |   26 |      13
    125 | 2014-02-14 |   55 |      13
    126 | 2014-02-09 |    1 |      16
    127 | 2014-02-10 |   16 |      17
    128 | 2014-02-10 |   16 |      12
    128 | 2014-02-13 |   43 |      12
    129 | 2014-02-12 |   31 |      14
    130 | 2014-02-10 |   15 |      17
    131 | 2014-02-15 |   59 |      13
    132 | 2014-02-09 |    4 |      16
    133 | 2014-02-10 |    9 |      12
    133 | 2014-02-12 |   25 |      12
    134 | 2014-02-17 |   75 |      14
    135 | 2014-02-15 |   65 |      17
    136 | 2014-02-13 |   60 |      15
    137 | 2014-02-14 |   49 |      13
    138 | 2014-02-13 |   45 |      15
    139 | 2014-02-12 |   44 |      16
    140 | 2014-02-11 |   23 |      13
    140 | 2014-02-13 |   41 |      13
    140 | 2014-02-14 |   54 |      13
    141 | 2014-02-12 |   31 |      14
    141 | 2014-02-17 |   80 |      14
    142 | 2014-02-16 |   66 |      13
    143 | 2014-02-17 |   79 |      15
    144 | 2014-02-17 |  100 |      15
    145 | 2014-02-11 |   23 |      19
    146 | 2014-02-11 |   29 |      13
    147 | 2014-02-13 |   35 |      16
    148 | 2014-02-10 |   19 |      14
    148 | 2014-02-14 |   58 |      14
    149 | 2014-02-17 |   75 |      15
    150 | 2014-02-11 |   18 |      13
    151 | 2014-02-16 |   68 |      15
    152 | 2014-02-12 |   32 |      19
    153 | 2014-02-09 |    7 |      15
    153 | 2014-02-13 |   44 |      15
    154 | 2014-02-10 |   12 |      15
    155 | 2014-02-16 |   75 |      14
    155 | 2014-02-17 |   89 |      14
    156 | 2014-02-17 |   66 |      15
    157 | 2014-02-14 |   50 |      15
    158 | 2014-02-15 |   50 |      13
    159 | 2014-02-10 |   14 |      14
    160 | 2014-02-15 |   56 |      13
    161 | 2014-02-09 |    9 |      11
    161 | 2014-02-12 |   35 |      11
    161 | 2014-02-15 |   61 |      11
    162 | 2014-02-17 |   81 |      13
    163 | 2014-02-13 |   42 |      18
    164 | 2014-02-17 |   87 |      15
    165 | 2014-02-17 |   95 |      16
    166 | 2014-02-16 |   71 |      14
    166 | 2014-02-17 |   85 |      14
    167 | 2014-02-10 |   15 |      15
    167 | 2014-02-17 |   91 |      15
    168 | 2014-02-12 |   35 |      16
    169 | 2014-02-09 |    4 |      15
    170 | 2014-02-17 |   78 |      14
    171 | 2014-02-10 |   10 |      13
    172 | 2014-02-10 |   20 |      14
    173 | 2014-02-10 |   17 |      16
    174 | 2014-02-09 |    8 |      13
    174 | 2014-02-12 |   40 |      13
    175 | 2014-02-11 |   24 |      16
    176 | 2014-02-15 |   49 |      12
    177 | 2014-02-12 |   46 |      16
    178 | 2014-02-09 |    3 |      13
    178 | 2014-02-10 |   16 |      13
    179 | 2014-02-15 |   70 |      13
    179 | 2014-02-17 |   93 |      13
    180 | 2014-02-11 |   22 |      15
    181 | 2014-02-12 |   27 |      12
    181 | 2014-02-17 |   72 |      12
    182 | 2014-02-16 |   67 |      11
    183 | 2014-02-10 |   15 |      13
    183 | 2014-02-14 |   56 |      13
    184 | 2014-02-11 |   22 |      14
    185 | 2014-02-15 |   53 |      17
    186 | 2014-02-11 |   31 |      16
    187 | 2014-02-10 |   18 |      11
    187 | 2014-02-11 |   29 |      11
    187 | 2014-02-12 |   40 |      11
    188 | 2014-02-12 |   34 |      17
    189 | 2014-02-12 |   36 |      18
    190 | 2014-02-16 |   59 |      12
    191 | 2014-02-11 |   14 |      12
    191 | 2014-02-14 |   46 |      12
    191 | 2014-02-15 |   58 |      12
    192 | 2014-02-12 |   29 |      14
    193 | 2014-02-09 |    3 |      16
    194 | 2014-02-12 |   26 |      16
    195 | 2014-02-14 |   52 |      13
    195 | 2014-02-16 |   76 |      13
    195 | 2014-02-17 |   89 |      13
    196 | 2014-02-15 |   75 |      16
    197 | 2014-02-14 |   58 |      16
    198 | 2014-02-14 |   59 |      17
    199 | 2014-02-17 |   92 |      17
    200 | 2014-02-16 |   68 |      13
    201 | 2014-02-17 |   81 |      15
    202 | 2014-02-12 |   33 |      16
    203 | 2014-02-17 |   87 |      15
    204 | 2014-02-13 |   43 |      16
    205 | 2014-02-16 |   76 |      13
    206 | 2014-02-16 |   65 |      17
    207 | 2014-02-09 |    8 |      15
    208 | 2014-02-14 |   55 |      13
    208 | 2014-02-15 |   68 |      13
    209 | 2014-02-12 |   40 |      13
    210 | 2014-02-10 |   18 |      15
    211 | 2014-02-13 |   46 |      14
    211 | 2014-02-14 |   60 |      14
    212 | 2014-02-10 |   15 |      12
    213 | 2014-02-11 |   32 |      14
    214 | 2014-02-15 |   68 |      15
    215 | 2014-02-10 |   12 |      21
    216 | 2014-02-12 |   26 |      10
    216 | 2014-02-13 |   36 |      10
    216 | 2014-02-14 |   46 |      10
    217 | 2014-02-10 |   12 |      16
    218 | 2014-02-13 |   46 |      15
    218 | 2014-02-15 |   75 |      15
    219 | 2014-02-09 |    7 |      15
    220 | 2014-02-11 |   22 |      17
    220 | 2014-02-15 |   69 |      17
    221 | 2014-02-14 |   44 |      15
    222 | 2014-02-16 |   80 |      17
    223 | 2014-02-09 |    8 |      15
    224 | 2014-02-11 |   24 |      13
    225 | 2014-02-15 |   52 |      12
    226 | 2014-02-16 |   75 |      15
    227 | 2014-02-11 |   23 |      15
    227 | 2014-02-17 |   93 |      15
    228 | 2014-02-10 |   13 |      15
    229 | 2014-02-13 |   50 |      16
    230 | 2014-02-13 |   45 |      14
    231 | 2014-02-15 |   51 |      21
    232 | 2014-02-10 |   20 |      16
    232 | 2014-02-17 |   94 |      16
    233 | 2014-02-16 |   79 |      15
    234 | 2014-02-15 |   49 |      11
    234 | 2014-02-16 |   60 |      11
    234 | 2014-02-17 |   71 |      11
    235 | 2014-02-15 |   52 |      11
    236 | 2014-02-13 |   44 |      15
    237 | 2014-02-16 |   86 |      17
    238 | 2014-02-15 |   62 |      15
    239 | 2014-02-11 |   28 |      15
    240 | 2014-02-13 |   41 |      13
    241 | 2014-02-13 |   35 |      16
    242 | 2014-02-11 |   26 |      11
    242 | 2014-02-12 |   37 |      11
    242 | 2014-02-13 |   48 |      11
    243 | 2014-02-14 |   55 |      17
    244 | 2014-02-10 |   11 |      14
    245 | 2014-02-13 |   46 |      13
    246 | 2014-02-10 |   14 |      16
    246 | 2014-02-12 |   39 |      16
    247 | 2014-02-14 |   62 |      15
    248 | 2014-02-10 |   14 |      15
    248 | 2014-02-12 |   39 |      15
    249 | 2014-02-15 |   67 |      13
    250 | 2014-02-13 |   39 |      11
    250 | 2014-02-14 |   50 |      11
    251 | 2014-02-13 |   34 |      12
    251 | 2014-02-16 |   65 |      12
    252 | 2014-02-11 |   32 |      15
    253 | 2014-02-15 |   64 |      20
    254 | 2014-02-13 |   40 |      14
    254 | 2014-02-16 |   71 |      14
    255 | 2014-02-09 |    8 |      16
    256 | 2014-02-11 |   28 |      14
    256 | 2014-02-16 |   86 |      14
    257 | 2014-02-17 |   76 |      14
    258 | 2014-02-13 |   51 |      17
    259 | 2014-02-13 |   39 |      12
    260 | 2014-02-10 |   20 |      19
    261 | 2014-02-13 |   43 |      16
    262 | 2014-02-10 |   13 |      12
    263 | 2014-02-14 |   49 |      15
    263 | 2014-02-16 |   70 |      15
    264 | 2014-02-10 |   15 |      11
    265 | 2014-02-11 |   20 |      12
    266 | 2014-02-11 |   32 |      14
    267 | 2014-02-13 |   43 |      15
    268 | 2014-02-14 |   55 |      16
    269 | 2014-02-13 |   32 |      14
    269 | 2014-02-14 |   46 |      14
    270 | 2014-02-17 |   80 |      15
    271 | 2014-02-09 |    8 |      13
    272 | 2014-02-11 |   21 |      14
    273 | 2014-02-09 |    6 |      13
    273 | 2014-02-15 |   74 |      13
    273 | 2014-02-17 |   95 |      13
    274 | 2014-02-10 |   18 |      15
    275 | 2014-02-11 |   25 |      13
    276 | 2014-02-15 |   49 |      17
    277 | 2014-02-16 |   70 |      15
    278 | 2014-02-10 |   16 |      12
    278 | 2014-02-12 |   37 |      12
    278 | 2014-02-13 |   49 |      12
    278 | 2014-02-14 |   61 |      12
    279 | 2014-02-16 |   80 |      18
    280 | 2014-02-09 |    5 |      13
    280 | 2014-02-12 |   39 |      13
    281 | 2014-02-12 |   25 |      19
    282 | 2014-02-11 |   19 |      11
    282 | 2014-02-12 |   30 |      11
    283 | 2014-02-14 |   47 |      15
    284 | 2014-02-15 |   60 |      13
    285 | 2014-02-17 |   65 |      11
    286 | 2014-02-13 |   36 |      14
    287 | 2014-02-09 |    7 |      14
    287 | 2014-02-15 |   66 |      14
    288 | 2014-02-11 |   26 |      18
    289 | 2014-02-11 |   22 |      16
    289 | 2014-02-17 |   84 |      16
    290 | 2014-02-11 |   22 |      13
    291 | 2014-02-09 |    5 |      12
    291 | 2014-02-10 |   17 |      12
    291 | 2014-02-16 |   75 |      12
    292 | 2014-02-11 |   32 |      18
    293 | 2014-02-11 |   13 |      20
    294 | 2014-02-16 |   80 |      18
    295 | 2014-02-10 |   16 |      20
    296 | 2014-02-17 |   80 |      17
    297 | 2014-02-17 |   76 |      16
    298 | 2014-02-13 |   29 |      13
    298 | 2014-02-15 |   53 |      13
    299 | 2014-02-10 |   20 |      13
    300 | 2014-02-11 |   23 |      15
    300 | 2014-02-17 |   93 |      15
    301 | 2014-02-11 |   24 |      17
    302 | 2014-02-09 |    5 |      16
    303 | 2014-02-16 |   73 |      17
    304 | 2014-02-17 |   69 |      15
    305 | 2014-02-14 |   47 |      16
    306 | 2014-02-15 |   63 |      14
    307 | 2014-02-14 |   50 |      15
    308 | 2014-02-16 |   74 |      16
    309 | 2014-02-16 |   79 |      15
    310 | 2014-02-11 |   22 |      12
    311 | 2014-02-09 |    6 |      17
    312 | 2014-02-11 |   25 |      14
    312 | 2014-02-12 |   39 |      14
    313 | 2014-02-15 |   45 |      13
    314 | 2014-02-16 |   69 |      12
    315 | 2014-02-17 |   81 |      17
    316 | 2014-02-15 |   55 |      12
    317 | 2014-02-16 |   87 |      15
    318 | 2014-02-09 |    5 |      16
    319 | 2014-02-09 |    5 |      16
    320 | 2014-02-12 |   35 |      13
    320 | 2014-02-13 |   48 |      13
    321 | 2014-02-12 |   33 |      13
    322 | 2014-02-13 |   44 |      13
    323 | 2014-02-17 |   72 |      14
    324 | 2014-02-09 |   10 |      14
    325 | 2014-02-17 |   77 |      12
    326 | 2014-02-17 |   80 |      17
    327 | 2014-02-13 |   43 |      12
    328 | 2014-02-14 |   43 |      13
    329 | 2014-02-09 |    4 |      15
    330 | 2014-02-11 |   27 |      14
    330 | 2014-02-12 |   41 |      14
    331 | 2014-02-11 |   18 |      17
    332 | 2014-02-10 |   13 |      13
    332 | 2014-02-12 |   35 |      13
    332 | 2014-02-17 |   83 |      13
    333 | 2014-02-12 |   35 |      13
    334 | 2014-02-09 |    5 |      14
    335 | 2014-02-17 |   65 |      13
    336 | 2014-02-13 |   48 |      13
    336 | 2014-02-14 |   61 |      13
    337 | 2014-02-17 |   79 |      15
    338 | 2014-02-16 |   66 |      16
    339 | 2014-02-09 |    3 |      14
    340 | 2014-02-16 |   63 |      13
    341 | 2014-02-14 |   47 |      16
    342 | 2014-02-12 |   31 |      11
    342 | 2014-02-17 |   74 |      11
    343 | 2014-02-17 |   80 |      16
    344 | 2014-02-14 |   43 |      16
    345 | 2014-02-15 |   71 |      15
    346 | 2014-02-09 |    6 |      15
    346 | 2014-02-17 |   97 |      15
    347 | 2014-02-12 |   30 |      10
    347 | 2014-02-16 |   61 |      10
    348 | 2014-02-14 |   48 |      13
    349 | 2014-02-10 |   13 |      14
    350 | 2014-02-09 |    6 |      14
    351 | 2014-02-11 |   21 |      16
    351 | 2014-02-17 |   85 |      16
    352 | 2014-02-11 |   24 |      14
    352 | 2014-02-13 |   50 |      14
    353 | 2014-02-11 |   32 |      19
    354 | 2014-02-14 |   59 |      15
    355 | 2014-02-17 |   76 |      16
    356 | 2014-02-17 |   87 |      16
    357 | 2014-02-13 |   48 |      16
    358 | 2014-02-10 |   15 |      16
    359 | 2014-02-16 |   77 |      15
    360 | 2014-02-14 |   49 |      12
    361 | 2014-02-11 |   20 |      13
    361 | 2014-02-14 |   48 |      13
    362 | 2014-02-15 |   58 |      15
    363 | 2014-02-11 |   20 |      19
    364 | 2014-02-13 |   49 |      16
    365 | 2014-02-12 |   25 |      15
    366 | 2014-02-15 |   60 |      16
    367 | 2014-02-17 |   69 |      15
    368 | 2014-02-09 |    8 |      14
    368 | 2014-02-17 |   84 |      14
    369 | 2014-02-13 |   45 |      14
    370 | 2014-02-09 |    5 |      12
    370 | 2014-02-10 |   17 |      12
    370 | 2014-02-12 |   30 |      12
    370 | 2014-02-13 |   42 |      12
    371 | 2014-02-13 |   32 |      11
    371 | 2014-02-16 |   63 |      11
    372 | 2014-02-14 |   65 |      14
    373 | 2014-02-12 |   29 |      14
    374 | 2014-02-15 |   70 |      17
    375 | 2014-02-17 |   82 |      14
    376 | 2014-02-10 |   14 |      15
    376 | 2014-02-14 |   56 |      15
    376 | 2014-02-17 |   89 |      15
    377 | 2014-02-13 |   36 |      15
    378 | 2014-02-15 |   51 |      14
    379 | 2014-02-13 |   43 |      18
    380 | 2014-02-12 |   42 |      16
    381 | 2014-02-12 |   40 |      15
    382 | 2014-02-12 |   37 |      13
    383 | 2014-02-16 |   67 |      15
    383 | 2014-02-17 |   82 |      15
    384 | 2014-02-12 |   44 |      19
    385 | 2014-02-10 |   17 |      12
    385 | 2014-02-13 |   45 |      12
    386 | 2014-02-14 |   55 |      14
    387 | 2014-02-09 |    6 |      14
    387 | 2014-02-12 |   43 |      14
    388 | 2014-02-15 |   71 |      16
    389 | 2014-02-12 |   46 |      16
    390 | 2014-02-09 |    2 |      14
    391 | 2014-02-11 |   21 |      15
    392 | 2014-02-15 |   56 |      13
    393 | 2014-02-15 |   59 |      12
    394 | 2014-02-08 |    0 |      12
    395 | 2014-02-12 |   43 |      17
    395 | 2014-02-16 |   85 |      17
    396 | 2014-02-15 |   68 |      16
    397 | 2014-02-17 |   74 |      16
    398 | 2014-02-15 |   53 |      12
    399 | 2014-02-10 |   15 |      15
    400 | 2014-02-11 |   27 |      16
    401 | 2014-02-14 |   55 |      18
    402 | 2014-02-10 |   13 |      12
    402 | 2014-02-14 |   53 |      12
    403 | 2014-02-17 |   80 |      13
    404 | 2014-02-15 |   63 |      15
    405 | 2014-02-09 |    6 |      13
    406 | 2014-02-13 |   47 |      15
    407 | 2014-02-12 |   48 |      15
    408 | 2014-02-11 |   24 |      14
    408 | 2014-02-16 |   78 |      14
    409 | 2014-02-13 |   48 |      15
    410 | 2014-02-09 |    8 |      11
    410 | 2014-02-14 |   52 |      11
    410 | 2014-02-17 |   77 |      11
    411 | 2014-02-12 |   32 |      11
    411 | 2014-02-15 |   60 |      11
    412 | 2014-02-12 |   40 |      14
    412 | 2014-02-17 |  100 |      14
    413 | 2014-02-10 |   18 |      13
    413 | 2014-02-11 |   31 |      13
    414 | 2014-02-16 |   74 |      15
    414 | 2014-02-17 |   89 |      15
    415 | 2014-02-12 |   39 |      17
    416 | 2014-02-12 |   44 |      13
    417 | 2014-02-14 |   54 |      18
    418 | 2014-02-15 |   51 |      15
    419 | 2014-02-15 |   78 |      17
    420 | 2014-02-12 |   38 |      16
    421 | 2014-02-12 |   33 |      13
    422 | 2014-02-09 |   10 |      14
    422 | 2014-02-12 |   39 |      14
    423 | 2014-02-10 |   15 |      15
    423 | 2014-02-11 |   30 |      15
    424 | 2014-02-09 |    6 |      13
    424 | 2014-02-15 |   52 |      13
    425 | 2014-02-11 |   21 |      16
    426 | 2014-02-16 |   58 |      14
    427 | 2014-02-13 |   44 |      12
    427 | 2014-02-17 |   85 |      12
    428 | 2014-02-14 |   54 |      14
    429 | 2014-02-15 |   50 |      12
    430 | 2014-02-14 |   46 |      13
    430 | 2014-02-17 |   79 |      13
    431 | 2014-02-12 |   30 |      16
    431 | 2014-02-14 |   50 |      16
    432 | 2014-02-09 |    6 |      16
    432 | 2014-02-14 |   65 |      16
    433 | 2014-02-14 |   56 |      16
    434 | 2014-02-09 |    7 |      15
    435 | 2014-02-10 |   17 |      15
    436 | 2014-02-17 |   96 |      18
    437 | 2014-02-10 |   14 |      15
    438 | 2014-02-09 |    8 |      13
    439 | 2014-02-16 |   55 |      14
    440 | 2014-02-10 |   18 |      15
    441 | 2014-02-11 |   17 |      18
    442 | 2014-02-17 |   85 |      15
    443 | 2014-02-11 |   15 |      14
    444 | 2014-02-12 |   29 |      14
    444 | 2014-02-14 |   54 |      14
    445 | 2014-02-11 |   36 |      19
    446 | 2014-02-09 |    9 |      13
    446 | 2014-02-15 |   63 |      13
    447 | 2014-02-13 |   46 |      16
    447 | 2014-02-16 |   76 |      16
    448 | 2014-02-10 |   19 |      13
    448 | 2014-02-13 |   50 |      13
    449 | 2014-02-11 |   25 |      15
    449 | 2014-02-15 |   72 |      15
    450 | 2014-02-09 |    8 |      12
    451 | 2014-02-12 |   36 |      16
    451 | 2014-02-15 |   66 |      16
    452 | 2014-02-16 |   57 |      12
    453 | 2014-02-12 |   35 |      14
    454 | 2014-02-09 |    0 |      14
    454 | 2014-02-13 |   43 |      14
    455 | 2014-02-13 |   60 |      15
    456 | 2014-02-15 |   68 |      17
    457 | 2014-02-10 |   18 |      14
    457 | 2014-02-11 |   32 |      14
    457 | 2014-02-14 |   70 |      14
    458 | 2014-02-17 |   80 |      22
    459 | 2014-02-14 |   49 |      12
    459 | 2014-02-15 |   61 |      12
    460 | 2014-02-13 |   39 |      15
    460 | 2014-02-17 |   85 |      15
    461 | 2014-02-11 |   20 |      13
    462 | 2014-02-09 |    9 |      12
    463 | 2014-02-12 |   39 |      14
    464 | 2014-02-16 |   80 |      17
    465 | 2014-02-09 |    4 |      15
    466 | 2014-02-15 |   65 |      19
    467 | 2014-02-13 |   43 |      14
    467 | 2014-02-14 |   57 |      14
    468 | 2014-02-11 |   21 |      13
    469 | 2014-02-09 |    6 |      15
    470 | 2014-02-16 |   57 |      13
    470 | 2014-02-17 |   70 |      13
    471 | 2014-02-14 |   50 |      12
    471 | 2014-02-16 |   72 |      12
    471 | 2014-02-17 |   84 |      12
    472 | 2014-02-17 |   76 |      14
    473 | 2014-02-12 |   27 |      14
    473 | 2014-02-17 |   73 |      14
    474 | 2014-02-15 |   66 |      13
    475 | 2014-02-11 |   21 |      15
    476 | 2014-02-12 |   26 |      17
    477 | 2014-02-10 |   17 |      15
    478 | 2014-02-10 |   11 |      12
    479 | 2014-02-10 |   19 |      15
    480 | 2014-02-09 |    3 |      14
    481 | 2014-02-13 |   52 |      14
    482 | 2014-02-14 |   45 |      12
    483 | 2014-02-16 |   58 |      13
    484 | 2014-02-10 |   12 |      14
    484 | 2014-02-12 |   35 |      14
    485 | 2014-02-09 |    9 |      16
    486 | 2014-02-09 |    7 |      13
    486 | 2014-02-10 |   20 |      13
    487 | 2014-02-14 |   59 |      17
    488 | 2014-02-16 |   57 |      15
    489 | 2014-02-15 |   64 |      18
    490 | 2014-02-12 |   39 |      15
    490 | 2014-02-16 |   87 |      15
    491 | 2014-02-16 |   56 |      12
    492 | 2014-02-13 |   49 |      13
    493 | 2014-02-17 |   61 |      13
    494 | 2014-02-15 |   65 |      14
    495 | 2014-02-14 |   38 |      12
    496 | 2014-02-11 |   28 |      15
    497 | 2014-02-15 |   50 |      11
    498 | 2014-02-16 |   56 |      14
    499 | 2014-02-09 |    5 |      18
    500 | 2014-02-12 |   28 |      15
    501 | 2014-02-15 |   60 |      16
    502 | 2014-02-10 |   18 |      20
    503 | 2014-02-16 |   64 |      13
    504 | 2014-02-16 |   62 |      13
    505 | 2014-02-10 |   13 |      13
    506 | 2014-02-11 |   24 |      13
    507 | 2014-02-11 |   26 |      15
    507 | 2014-02-17 |   88 |      15
    508 | 2014-02-13 |   45 |      16
    509 | 2014-02-17 |   73 |      14
    510 | 2014-02-09 |    6 |      14
    511 | 2014-02-13 |   46 |      15
    512 | 2014-02-10 |   12 |      12
    513 | 2014-02-12 |   29 |      13
    514 | 2014-02-17 |   87 |      16
    515 | 2014-02-12 |   35 |      19
    516 | 2014-02-17 |   80 |      13
    517 | 2014-02-09 |    7 |      15
    518 | 2014-02-09 |    8 |      12
    519 | 2014-02-14 |   52 |      13
    520 | 2014-02-15 |   56 |      14
    521 | 2014-02-16 |   68 |      18
    522 | 2014-02-15 |   65 |      17
    523 | 2014-02-10 |   18 |      13
    523 | 2014-02-13 |   53 |      13
    524 | 2014-02-08 |    0 |      10
    525 | 2014-02-14 |   48 |      16
    526 | 2014-02-11 |   24 |      13
    526 | 2014-02-13 |   45 |      13
    526 | 2014-02-14 |   58 |      13
    527 | 2014-02-13 |   40 |      16
    528 | 2014-02-09 |    6 |      14
    528 | 2014-02-11 |   31 |      14
    529 | 2014-02-10 |   11 |      14
    529 | 2014-02-12 |   35 |      14
    530 | 2014-02-14 |   49 |      13
    531 | 2014-02-16 |   68 |      17
    532 | 2014-02-16 |   74 |      15
    533 | 2014-02-16 |   62 |      17
    534 | 2014-02-09 |    9 |      14
    534 | 2014-02-17 |   85 |      14
    535 | 2014-02-10 |   12 |      12
    535 | 2014-02-11 |   24 |      12
    536 | 2014-02-10 |   20 |      15
    537 | 2014-02-17 |   68 |      12
    538 | 2014-02-10 |   17 |      14
    538 | 2014-02-11 |   31 |      14
    539 | 2014-02-17 |   96 |      14
    540 | 2014-02-10 |   14 |      17
    541 | 2014-02-10 |   19 |      15
    541 | 2014-02-17 |   92 |      15
    542 | 2014-02-11 |   26 |      17
    542 | 2014-02-17 |   87 |      17
    543 | 2014-02-15 |   56 |      13
    544 | 2014-02-10 |   12 |      18
    545 | 2014-02-12 |   31 |      16
    546 | 2014-02-14 |   69 |      14
    547 | 2014-02-14 |   49 |      18
    548 | 2014-02-13 |   38 |      14
    549 | 2014-02-15 |   64 |      15
    550 | 2014-02-14 |   54 |      14
    551 | 2014-02-14 |   60 |      13
    552 | 2014-02-12 |   29 |      14
    553 | 2014-02-10 |   18 |      15
    554 | 2014-02-12 |   44 |      15
    554 | 2014-02-13 |   59 |      15
    555 | 2014-02-09 |    6 |      17
    556 | 2014-02-15 |   76 |      16
    557 | 2014-02-17 |   79 |      18
    558 | 2014-02-11 |   24 |      14
    559 | 2014-02-09 |   10 |      13
    559 | 2014-02-13 |   49 |      13
    559 | 2014-02-15 |   71 |      13
    559 | 2014-02-16 |   84 |      13
    560 | 2014-02-16 |   69 |      13
    561 | 2014-02-16 |   90 |      16
    562 | 2014-02-14 |   55 |      15
    563 | 2014-02-10 |   14 |      15
    563 | 2014-02-11 |   29 |      15
    564 | 2014-02-16 |   69 |      15
    564 | 2014-02-17 |   84 |      15
    565 | 2014-02-11 |   31 |      14
    565 | 2014-02-16 |   80 |      14
    566 | 2014-02-15 |   65 |      12
    566 | 2014-02-17 |   83 |      12
    567 | 2014-02-14 |   45 |      14
    568 | 2014-02-09 |    2 |      13
    568 | 2014-02-12 |   33 |      13
    569 | 2014-02-14 |   50 |      14
    569 | 2014-02-15 |   64 |      14
    570 | 2014-02-09 |    5 |      20
    571 | 2014-02-09 |    6 |      16
    572 | 2014-02-10 |   16 |      14
    572 | 2014-02-15 |   76 |      14
    572 | 2014-02-16 |   90 |      14
    573 | 2014-02-13 |   52 |      15
    574 | 2014-02-10 |   18 |      14
    575 | 2014-02-09 |    3 |      14
    575 | 2014-02-17 |   89 |      14
    576 | 2014-02-12 |   30 |      19
    577 | 2014-02-14 |   55 |      16
    578 | 2014-02-09 |    9 |      13
    578 | 2014-02-10 |   22 |      13
    579 | 2014-02-16 |   67 |      14
    580 | 2014-02-09 |    8 |      17
    581 | 2014-02-16 |   76 |      18
    582 | 2014-02-10 |   14 |      12
    583 | 2014-02-11 |   24 |      14
    584 | 2014-02-15 |   53 |      12
    585 | 2014-02-09 |    8 |      17
    586 | 2014-02-11 |   26 |      16
    586 | 2014-02-13 |   54 |      16
    587 | 2014-02-17 |   77 |      15
    588 | 2014-02-15 |   66 |      16
    589 | 2014-02-14 |   46 |      12
    590 | 2014-02-13 |   45 |      13
    591 | 2014-02-11 |   26 |      14
    592 | 2014-02-12 |   25 |      17
    593 | 2014-02-09 |    8 |      13
    593 | 2014-02-10 |   21 |      13
    593 | 2014-02-11 |   34 |      13
    593 | 2014-02-14 |   66 |      13
    594 | 2014-02-15 |   65 |      16
    595 | 2014-02-10 |   16 |      16
    596 | 2014-02-13 |   42 |      14
    597 | 2014-02-11 |   34 |      15
    598 | 2014-02-10 |   14 |      16
    599 | 2014-02-11 |   27 |      14
    600 | 2014-02-09 |    6 |      15
    600 | 2014-02-17 |   88 |      15
    601 | 2014-02-11 |   20 |      13
    601 | 2014-02-16 |   76 |      13
    602 | 2014-02-09 |    5 |      17
    603 | 2014-02-12 |   30 |      17
    604 | 2014-02-09 |    8 |      15
    604 | 2014-02-11 |   37 |      15
    604 | 2014-02-12 |   52 |      15
    605 | 2014-02-09 |   10 |      14
    606 | 2014-02-09 |    8 |      18
    607 | 2014-02-13 |   46 |      18
    608 | 2014-02-12 |   37 |      13
    609 | 2014-02-16 |   79 |      15
    610 | 2014-02-11 |   27 |      15
    611 | 2014-02-09 |    0 |      14
    611 | 2014-02-11 |   23 |      14
    612 | 2014-02-13 |   39 |      21
    613 | 2014-02-16 |   60 |      17
    614 | 2014-02-13 |   39 |      16
    615 | 2014-02-09 |   11 |      15
    616 | 2014-02-14 |   47 |      15
    617 | 2014-02-10 |   19 |      17
    618 | 2014-02-17 |   95 |      15
    619 | 2014-02-11 |   26 |      17
    619 | 2014-02-17 |   89 |      17
    620 | 2014-02-12 |   27 |      16
    621 | 2014-02-12 |   35 |      17
    622 | 2014-02-15 |   68 |      16
    623 | 2014-02-08 |    0 |      13
    624 | 2014-02-14 |   50 |      14
    625 | 2014-02-11 |   20 |      13
    625 | 2014-02-14 |   56 |      13
    626 | 2014-02-15 |   82 |      20
    627 | 2014-02-17 |   80 |      17
    628 | 2014-02-15 |   65 |      12
    629 | 2014-02-13 |   42 |      16
    630 | 2014-02-10 |   22 |      17
    631 | 2014-02-13 |   40 |      14
    632 | 2014-02-09 |    7 |      20
    633 | 2014-02-17 |   76 |      13
    634 | 2014-02-14 |   56 |      15
    634 | 2014-02-17 |   89 |      15
    635 | 2014-02-10 |   11 |      13
    635 | 2014-02-16 |   68 |      13
    636 | 2014-02-11 |   23 |      12
    637 | 2014-02-10 |   19 |      17
    638 | 2014-02-16 |   86 |      17
    639 | 2014-02-14 |   37 |      16
    640 | 2014-02-09 |    6 |      15
    641 | 2014-02-10 |   17 |      12
    642 | 2014-02-10 |   16 |      13
    642 | 2014-02-11 |   29 |      13
    643 | 2014-02-15 |   68 |      13
    643 | 2014-02-17 |   93 |      13
    644 | 2014-02-09 |    1 |      14
    645 | 2014-02-09 |    7 |      15
    646 | 2014-02-13 |   51 |      14
    647 | 2014-02-10 |   18 |      13
    647 | 2014-02-11 |   31 |      13
    647 | 2014-02-15 |   76 |      13
    648 | 2014-02-17 |   68 |      12
    649 | 2014-02-09 |    1 |      15
    649 | 2014-02-13 |   48 |      15
    650 | 2014-02-10 |    9 |      12
    650 | 2014-02-14 |   40 |      12
    651 | 2014-02-14 |   49 |      13
    652 | 2014-02-11 |   26 |      17
    653 | 2014-02-11 |   29 |      16
    653 | 2014-02-13 |   56 |      16
    654 | 2014-02-13 |   40 |      13
    655 | 2014-02-16 |   75 |      14
    656 | 2014-02-13 |   43 |      13
    657 | 2014-02-15 |   58 |      20
    658 | 2014-02-10 |   22 |      17
    659 | 2014-02-13 |   46 |      19
    660 | 2014-02-13 |   31 |      12
    660 | 2014-02-16 |   59 |      12
    660 | 2014-02-17 |   71 |      12
    661 | 2014-02-14 |   55 |      17
    662 | 2014-02-12 |   36 |      15
    663 | 2014-02-09 |    0 |      14
    663 | 2014-02-17 |   73 |      14
    664 | 2014-02-12 |   28 |      22
    665 | 2014-02-12 |   38 |      14
    665 | 2014-02-14 |   61 |      14
    666 | 2014-02-10 |   22 |      17
    667 | 2014-02-10 |   20 |      15
    667 | 2014-02-13 |   55 |      15
    668 | 2014-02-11 |   31 |      14
    668 | 2014-02-15 |   71 |      14
    669 | 2014-02-12 |   27 |      11
    670 | 2014-02-14 |   55 |      17
    671 | 2014-02-12 |   23 |      13
    671 | 2014-02-16 |   62 |      13
    672 | 2014-02-10 |   15 |      13
    673 | 2014-02-10 |   12 |      13
    673 | 2014-02-14 |   51 |      13
    674 | 2014-02-16 |   56 |      13
    675 | 2014-02-11 |   30 |      16
    676 | 2014-02-17 |   91 |      16
    677 | 2014-02-15 |   58 |      19
    678 | 2014-02-17 |   79 |      14
    679 | 2014-02-13 |   43 |      16
    680 | 2014-02-09 |    7 |      16
    681 | 2014-02-15 |   56 |      14
    682 | 2014-02-17 |   84 |      15
    683 | 2014-02-11 |   23 |      14
    683 | 2014-02-16 |   68 |      14
    684 | 2014-02-10 |   19 |      14
    685 | 2014-02-12 |   36 |      12
    686 | 2014-02-12 |   36 |      17
    687 | 2014-02-17 |   68 |      17
    688 | 2014-02-13 |   38 |      11
    688 | 2014-02-15 |   54 |      11
    689 | 2014-02-16 |   87 |      16
    690 | 2014-02-11 |   26 |      16
    691 | 2014-02-09 |    3 |      13
    692 | 2014-02-16 |   82 |      14
    693 | 2014-02-13 |   41 |      16
    694 | 2014-02-12 |   35 |      16
    695 | 2014-02-13 |   40 |      16
    695 | 2014-02-15 |   68 |      16
    696 | 2014-02-12 |   38 |      16
    696 | 2014-02-16 |   90 |      16
    697 | 2014-02-09 |    5 |      14
    698 | 2014-02-17 |   87 |      18
    699 | 2014-02-09 |   10 |      15
    700 | 2014-02-10 |   13 |      18
    701 | 2014-02-17 |   98 |      18
    702 | 2014-02-16 |   87 |      16
    703 | 2014-02-15 |   77 |      16
    704 | 2014-02-11 |   20 |      12
    704 | 2014-02-17 |   72 |      12
    705 | 2014-02-11 |   25 |      16
    706 | 2014-02-14 |   51 |      13
    707 | 2014-02-14 |   53 |      14
    708 | 2014-02-16 |   72 |      17
    709 | 2014-02-16 |   71 |      16
    710 | 2014-02-13 |   42 |      17
    711 | 2014-02-13 |   50 |      14
    712 | 2014-02-13 |   49 |      15
    713 | 2014-02-13 |   36 |      15
    714 | 2014-02-16 |   76 |      14
    715 | 2014-02-12 |   39 |      14
    716 | 2014-02-15 |   66 |      16
    716 | 2014-02-17 |   89 |      16
    717 | 2014-02-11 |   27 |      14
    718 | 2014-02-15 |   71 |      17
    719 | 2014-02-16 |   76 |      14
    720 | 2014-02-12 |   47 |      14
    721 | 2014-02-11 |   29 |      18
    722 | 2014-02-12 |   35 |      13
    722 | 2014-02-16 |   71 |      13
    723 | 2014-02-09 |    4 |      16
    723 | 2014-02-10 |   20 |      16
    724 | 2014-02-09 |    5 |      13
    725 | 2014-02-13 |   44 |      14
    725 | 2014-02-17 |   87 |      14
    726 | 2014-02-17 |   75 |      14
    727 | 2014-02-09 |    7 |      15
    727 | 2014-02-12 |   46 |      15
    728 | 2014-02-15 |   63 |      13
    729 | 2014-02-10 |   14 |      12
    730 | 2014-02-15 |   59 |      14
    730 | 2014-02-17 |   81 |      14
    731 | 2014-02-10 |   17 |      14
    731 | 2014-02-11 |   31 |      14
    732 | 2014-02-10 |   16 |      19
    733 | 2014-02-09 |    7 |      17
    734 | 2014-02-10 |   15 |      14
    735 | 2014-02-15 |   73 |      16
    736 | 2014-02-14 |   40 |      11
    737 | 2014-02-12 |   25 |      13
    738 | 2014-02-10 |   19 |      15
    739 | 2014-02-09 |    6 |      16
    740 | 2014-02-14 |   55 |      15
    741 | 2014-02-12 |   31 |      17
    742 | 2014-02-16 |   77 |      17
    743 | 2014-02-10 |   15 |      14
    744 | 2014-02-10 |   21 |      15
    745 | 2014-02-12 |   39 |      18
    746 | 2014-02-13 |   45 |      16
    747 | 2014-02-14 |   54 |      15
    748 | 2014-02-11 |   24 |      17
    749 | 2014-02-17 |   77 |      13
    750 | 2014-02-09 |    7 |      12
    750 | 2014-02-11 |   22 |      12
    750 | 2014-02-13 |   41 |      12
    751 | 2014-02-12 |   39 |      18
    752 | 2014-02-12 |   34 |      14
    752 | 2014-02-17 |   82 |      14
    753 | 2014-02-14 |   43 |      12
    753 | 2014-02-16 |   62 |      12
    754 | 2014-02-16 |   77 |      17
    755 | 2014-02-10 |   20 |      16
    756 | 2014-02-14 |   46 |      16
    757 | 2014-02-13 |   35 |      13
    758 | 2014-02-13 |   40 |      15
    759 | 2014-02-13 |   35 |      12
    760 | 2014-02-10 |   17 |      12
    760 | 2014-02-14 |   55 |      12
    761 | 2014-02-15 |   80 |      18
    762 | 2014-02-14 |   55 |      13
    763 | 2014-02-09 |    9 |      14
    764 | 2014-02-14 |   52 |      12
    764 | 2014-02-16 |   70 |      12
    765 | 2014-02-17 |   89 |      14
    766 | 2014-02-12 |   34 |      15
    767 | 2014-02-16 |   77 |      14
    768 | 2014-02-09 |    7 |      14
    769 | 2014-02-16 |   58 |      12
    770 | 2014-02-09 |   10 |      16
    771 | 2014-02-16 |   72 |      14
    772 | 2014-02-13 |   44 |      14
    773 | 2014-02-09 |    3 |      18
    774 | 2014-02-09 |    4 |      12
    774 | 2014-02-10 |   16 |      12
    774 | 2014-02-11 |   28 |      12
    774 | 2014-02-13 |   43 |      12
    774 | 2014-02-15 |   64 |      12
    774 | 2014-02-16 |   76 |      12
    775 | 2014-02-13 |   50 |      16
    776 | 2014-02-13 |   42 |      16
    777 | 2014-02-09 |   11 |      14
    778 | 2014-02-17 |   83 |      17
    779 | 2014-02-13 |   55 |      15
    779 | 2014-02-17 |   97 |      15
    780 | 2014-02-09 |    4 |      15
    780 | 2014-02-14 |   56 |      15
    781 | 2014-02-10 |   11 |      14
    781 | 2014-02-14 |   59 |      14
    782 | 2014-02-10 |   18 |      15
    783 | 2014-02-10 |   18 |      14
    783 | 2014-02-15 |   70 |      14
    784 | 2014-02-09 |    9 |      13
    784 | 2014-02-14 |   61 |      13
    785 | 2014-02-12 |   35 |      18
    786 | 2014-02-09 |    5 |      15
    787 | 2014-02-17 |   86 |      17
    788 | 2014-02-17 |   87 |      16
    789 | 2014-02-11 |   20 |      15
    789 | 2014-02-17 |   80 |      15
    790 | 2014-02-17 |   79 |      15
    791 | 2014-02-17 |   85 |      16
    792 | 2014-02-16 |   86 |      16
    793 | 2014-02-11 |   29 |      12
    794 | 2014-02-15 |   56 |      17
    795 | 2014-02-16 |   82 |      16
    796 | 2014-02-14 |   54 |      14
    797 | 2014-02-13 |   30 |      10
    798 | 2014-02-12 |   29 |      16
    799 | 2014-02-11 |   27 |      18
    800 | 2014-02-11 |   27 |      13
    801 | 2014-02-17 |   68 |      18
    802 | 2014-02-13 |   44 |      16
    803 | 2014-02-10 |   13 |      17
    804 | 2014-02-09 |    8 |      12
    804 | 2014-02-10 |   20 |      12
    804 | 2014-02-16 |   74 |      12
    805 | 2014-02-13 |   59 |      18
    806 | 2014-02-10 |   14 |      12
    807 | 2014-02-13 |   43 |      14
    808 | 2014-02-14 |   63 |      20
    809 | 2014-02-12 |   42 |      16
    810 | 2014-02-15 |   73 |      14
    811 | 2014-02-12 |   29 |      14
    812 | 2014-02-11 |   30 |      14
    813 | 2014-02-12 |   35 |      17
    813 | 2014-02-14 |   62 |      17
    814 | 2014-02-17 |   93 |      16
    815 | 2014-02-14 |   63 |      16
    816 | 2014-02-12 |   34 |      17
    817 | 2014-02-12 |   24 |      13
    818 | 2014-02-15 |   75 |      17
    819 | 2014-02-10 |   20 |      15
    819 | 2014-02-12 |   48 |      15
    820 | 2014-02-17 |   71 |      12
    821 | 2014-02-12 |   29 |      12
    822 | 2014-02-11 |   28 |      14
    823 | 2014-02-12 |   32 |      14
    824 | 2014-02-12 |   30 |      13
    824 | 2014-02-15 |   60 |      13
    825 | 2014-02-12 |   29 |      13
    825 | 2014-02-15 |   62 |      13
    826 | 2014-02-15 |   56 |      20
    827 | 2014-02-16 |   90 |      18
    828 | 2014-02-09 |    7 |      15
    828 | 2014-02-13 |   57 |      15
    829 | 2014-02-09 |    2 |      14
    830 | 2014-02-13 |   40 |      16
    831 | 2014-02-09 |    6 |      17
    832 | 2014-02-11 |   25 |      18
    833 | 2014-02-16 |   73 |      13
    834 | 2014-02-16 |   81 |      19
    835 | 2014-02-12 |   35 |      16
    836 | 2014-02-09 |    5 |      12
    836 | 2014-02-13 |   39 |      12
    837 | 2014-02-11 |   32 |      16
    838 | 2014-02-11 |   17 |      13
    838 | 2014-02-14 |   50 |      13
    838 | 2014-02-16 |   73 |      13
    839 | 2014-02-10 |   11 |      12
    839 | 2014-02-13 |   38 |      12
    840 | 2014-02-16 |   75 |      13
    841 | 2014-02-16 |   85 |      15
    842 | 2014-02-12 |   27 |      14
    843 | 2014-02-14 |   43 |      16
    844 | 2014-02-12 |   30 |      11
    845 | 2014-02-12 |   37 |      16
    846 | 2014-02-12 |   37 |      14
    847 | 2014-02-09 |    2 |      13
    848 | 2014-02-10 |   19 |      15
    848 | 2014-02-13 |   62 |      15
    849 | 2014-02-13 |   40 |      13
    850 | 2014-02-17 |   98 |      19
    851 | 2014-02-11 |   22 |      15
    852 | 2014-02-17 |   67 |      12
    853 | 2014-02-13 |   41 |      18
    854 | 2014-02-13 |   42 |      17
    855 | 2014-02-16 |   81 |      18
    856 | 2014-02-17 |   89 |      15
    857 | 2014-02-11 |   26 |      16
    858 | 2014-02-09 |    5 |      21
    859 | 2014-02-17 |   90 |      16
    860 | 2014-02-10 |   17 |      13
    860 | 2014-02-16 |   79 |      13
    861 | 2014-02-10 |   16 |      14
    862 | 2014-02-09 |    9 |      13
    862 | 2014-02-12 |   40 |      13
    862 | 2014-02-16 |   78 |      13
    863 | 2014-02-16 |   76 |      16
    864 | 2014-02-12 |   40 |      15
    864 | 2014-02-17 |   94 |      15
    865 | 2014-02-12 |   33 |      14
    866 | 2014-02-09 |    2 |      10
    866 | 2014-02-13 |   33 |      10
    866 | 2014-02-17 |   63 |      10
    867 | 2014-02-12 |   36 |      13
    868 | 2014-02-14 |   60 |      16
    869 | 2014-02-11 |   27 |      15
    869 | 2014-02-14 |   65 |      15
    870 | 2014-02-13 |   32 |      14
    871 | 2014-02-11 |   24 |      16
    872 | 2014-02-10 |   15 |      14
    872 | 2014-02-16 |   75 |      14
    873 | 2014-02-13 |   47 |      14
    874 | 2014-02-13 |   32 |      15
    875 | 2014-02-14 |   55 |      14
    876 | 2014-02-15 |   58 |      15
    877 | 2014-02-12 |   36 |      15
    878 | 2014-02-14 |   53 |      16
    879 | 2014-02-09 |    6 |      15
    880 | 2014-02-17 |   89 |      15
    881 | 2014-02-14 |   51 |      17
    882 | 2014-02-15 |   58 |      15
    883 | 2014-02-09 |    8 |      15
    884 | 2014-02-10 |   18 |      14
    884 | 2014-02-14 |   58 |      14
    885 | 2014-02-09 |    6 |      16
    885 | 2014-02-13 |   45 |      16
    886 | 2014-02-13 |   53 |      17
    886 | 2014-02-17 |   99 |      17
    887 | 2014-02-09 |    4 |      17
    888 | 2014-02-13 |   43 |      14
    888 | 2014-02-14 |   57 |      14
    889 | 2014-02-14 |   43 |      15
    890 | 2014-02-16 |   80 |      17
    891 | 2014-02-16 |   86 |      19
    892 | 2014-02-10 |   16 |      13
    893 | 2014-02-13 |   47 |      14
    893 | 2014-02-16 |   73 |      14
    894 | 2014-02-17 |   76 |      14
    895 | 2014-02-14 |   54 |      14
    896 | 2014-02-17 |   74 |      14
    897 | 2014-02-16 |   75 |      15
    898 | 2014-02-13 |   39 |      13
    899 | 2014-02-10 |   11 |      14
    900 | 2014-02-10 |   11 |      14
    901 | 2014-02-11 |   18 |      15
    901 | 2014-02-12 |   33 |      15
    902 | 2014-02-16 |   66 |      14
    903 | 2014-02-12 |   35 |      15
    904 | 2014-02-09 |    2 |      13
    904 | 2014-02-14 |   58 |      13
    904 | 2014-02-16 |   80 |      13
    905 | 2014-02-09 |    7 |      16
    906 | 2014-02-14 |   68 |      19
    907 | 2014-02-13 |   48 |      15
    907 | 2014-02-16 |   84 |      15
    908 | 2014-02-12 |   36 |      12
    909 | 2014-02-13 |   52 |      15
    910 | 2014-02-14 |   56 |      17
    911 | 2014-02-12 |   27 |      14
    912 | 2014-02-10 |   14 |      10
    912 | 2014-02-16 |   63 |      10
    913 | 2014-02-16 |   88 |      16
    914 | 2014-02-12 |   33 |      15
    915 | 2014-02-17 |   80 |      17
    916 | 2014-02-10 |   19 |      13
    917 | 2014-02-12 |   38 |      14
    917 | 2014-02-14 |   60 |      14
    918 | 2014-02-17 |   92 |      15
    919 | 2014-02-09 |    3 |      14
    919 | 2014-02-11 |   27 |      14
    920 | 2014-02-12 |   37 |      13
    921 | 2014-02-09 |    6 |      14
    922 | 2014-02-11 |   20 |      15
    923 | 2014-02-12 |   33 |      15
    924 | 2014-02-16 |   88 |      16
    925 | 2014-02-17 |   97 |      16
    926 | 2014-02-12 |   34 |      15
    927 | 2014-02-10 |   14 |      12
    928 | 2014-02-16 |   80 |      14
    929 | 2014-02-10 |   16 |      16
    930 | 2014-02-16 |   70 |      17
    931 | 2014-02-17 |   87 |      14
    932 | 2014-02-10 |   18 |      15
    933 | 2014-02-16 |   71 |      13
    934 | 2014-02-11 |   24 |      14
    935 | 2014-02-17 |   68 |      11
    936 | 2014-02-11 |   26 |      16
    937 | 2014-02-17 |   78 |      13
    938 | 2014-02-17 |   72 |      14
    939 | 2014-02-14 |   53 |      14
    940 | 2014-02-09 |    7 |      16
    941 | 2014-02-16 |   70 |      13
    942 | 2014-02-13 |   45 |      14
    943 | 2014-02-11 |   28 |      13
    943 | 2014-02-16 |   78 |      13
    944 | 2014-02-10 |   14 |      13
    945 | 2014-02-17 |   70 |      13
    946 | 2014-02-15 |   60 |      18
    947 | 2014-02-11 |   29 |      14
    948 | 2014-02-12 |   33 |      13
    948 | 2014-02-14 |   58 |      13
    949 | 2014-02-16 |   76 |      17
    950 | 2014-02-15 |   71 |      15
    951 | 2014-02-12 |   37 |      13
    952 | 2014-02-16 |   79 |      14
    953 | 2014-02-15 |   63 |      15
    954 | 2014-02-09 |    8 |      14
    955 | 2014-02-11 |   31 |      17
    956 | 2014-02-15 |   47 |      16
    957 | 2014-02-12 |   27 |      13
    958 | 2014-02-09 |    8 |      16
    959 | 2014-02-16 |   91 |      16
    960 | 2014-02-16 |   70 |      18
    961 | 2014-02-11 |   24 |      18
    962 | 2014-02-10 |   18 |      17
    963 | 2014-02-11 |   28 |      16
    964 | 2014-02-13 |   54 |      16
    965 | 2014-02-17 |   86 |      14
    966 | 2014-02-15 |   65 |      17
    967 | 2014-02-13 |   34 |      15
    968 | 2014-02-14 |   51 |      18
    969 | 2014-02-17 |   93 |      17
    970 | 2014-02-15 |   68 |      15
    971 | 2014-02-11 |   18 |      12
    971 | 2014-02-17 |   74 |      12
    972 | 2014-02-16 |   65 |      14
    973 | 2014-02-17 |   83 |      17
    974 | 2014-02-13 |   32 |      15
    975 | 2014-02-15 |   59 |      15
    976 | 2014-02-17 |   97 |      14
    977 | 2014-02-14 |   55 |      16
    978 | 2014-02-10 |   22 |      15
    978 | 2014-02-16 |   86 |      15
    979 | 2014-02-09 |    6 |      14
    980 | 2014-02-09 |    9 |      14
    981 | 2014-02-14 |   47 |      20
    982 | 2014-02-17 |   75 |      12
    983 | 2014-02-10 |   17 |      15
    984 | 2014-02-16 |   82 |      16
    985 | 2014-02-15 |   67 |      17
    986 | 2014-02-16 |   80 |      15
    987 | 2014-02-10 |   21 |      14
    987 | 2014-02-12 |   47 |      14
    987 | 2014-02-14 |   73 |      14
    988 | 2014-02-13 |   45 |      15
    989 | 2014-02-13 |   36 |      17
    990 | 2014-02-12 |   34 |      14
    991 | 2014-02-14 |   52 |      14
    992 | 2014-02-13 |   30 |      18
    993 | 2014-02-09 |    6 |      17
    994 | 2014-02-13 |   43 |      15
    995 | 2014-02-13 |   52 |      17
    996 | 2014-02-10 |   18 |      14
    997 | 2014-02-09 |   10 |      17
    998 | 2014-02-12 |   28 |      13
    999 | 2014-02-15 |   64 |      14
(1266 rows)

