 userid | utctimestamp | tpos | length 
--------+--------------+------+--------
     46 | 2014-02-19   |  108 |      3
    123 | 2014-02-26   |  187 |      3
    294 | 2014-02-08   |    3 |      3
    424 | 2014-02-12   |   42 |      4
    452 | 2014-02-25   |  153 |      4
    530 | 2014-02-24   |  189 |      4
    548 | 2014-02-16   |   90 |      4
    660 | 2014-02-20   |  125 |      4
    669 | 2014-02-25   |  175 |      4
    996 | 2014-02-22   |  120 |      4
    613 | 2014-02-19   |   90 |      5
    749 | 2014-02-18   |   87 |      5
      1 | 2014-02-09   |    8 |      6
    367 | 2014-02-23   |  145 |      6
    495 | 2014-02-22   |   99 |      6
    647 | 2014-02-20   |   98 |      6
    846 | 2014-02-22   |  126 |      6
    113 | 2014-02-22   |  146 |      7
    668 | 2014-02-16   |   78 |      7
    420 | 2014-02-10   |   17 |      9
    488 | 2014-02-16   |   83 |      9
     96 | 2014-02-22   |  137 |     10
(22 rows)

