 userid |   ddate    | tpos | lengthh 
--------+------------+------+---------
      0 | 2014-02-19 |  116 |      15
      1 | 2014-02-15 |   74 |      18
      2 | 2014-02-19 |  106 |      15
      3 | 2014-02-09 |    5 |      19
      4 | 2014-02-17 |   87 |      14
      4 | 2014-02-16 |   73 |      14
      4 | 2014-02-09 |   10 |      14
      5 | 2014-02-24 |  157 |      14
      5 | 2014-02-26 |  181 |      14
      6 | 2014-02-13 |   39 |      13
      6 | 2014-02-14 |   52 |      13
      7 | 2014-02-11 |   28 |      14
      7 | 2014-02-09 |    6 |      14
      8 | 2014-02-26 |  165 |      15
      8 | 2014-02-22 |  118 |      15
      9 | 2014-02-11 |   23 |      16
     10 | 2014-02-20 |  118 |      17
     11 | 2014-02-21 |  122 |      16
     12 | 2014-02-27 |  161 |      15
     13 | 2014-02-20 |  108 |      16
     14 | 2014-02-25 |  137 |      13
     15 | 2014-02-16 |   80 |      16
     16 | 2014-02-10 |   16 |      19
     17 | 2014-02-22 |  125 |      13
     18 | 2014-02-20 |  124 |      16
     19 | 2014-02-26 |  160 |      18
     20 | 2014-02-20 |  115 |      14
     21 | 2014-02-14 |   57 |      15
     21 | 2014-02-18 |  100 |      15
     21 | 2014-02-21 |  135 |      15
     21 | 2014-02-26 |  182 |      15
     21 | 2014-02-13 |   42 |      15
     22 | 2014-02-11 |   19 |      14
     22 | 2014-02-21 |  119 |      14
     22 | 2014-02-18 |   87 |      14
     23 | 2014-02-17 |   82 |      16
     23 | 2014-02-22 |  129 |      16
     24 | 2014-02-22 |  139 |      16
     24 | 2014-02-09 |    2 |      16
     25 | 2014-02-19 |  118 |      15
     25 | 2014-02-10 |   17 |      15
     26 | 2014-02-10 |   15 |      14
     27 | 2014-02-19 |   97 |      20
     28 | 2014-02-20 |  105 |      16
     29 | 2014-02-15 |   67 |      19
     30 | 2014-02-16 |   70 |      18
     31 | 2014-02-10 |   18 |      14
     32 | 2014-02-27 |  186 |      16
     33 | 2014-02-22 |  137 |      16
     33 | 2014-02-14 |   54 |      16
     34 | 2014-02-27 |  197 |      18
     35 | 2014-02-17 |   86 |      17
     36 | 2014-02-26 |  159 |      17
     37 | 2014-02-25 |  158 |      18
     38 | 2014-02-15 |   64 |      15
     39 | 2014-02-27 |  185 |      19
     40 | 2014-02-27 |  179 |      13
     40 | 2014-02-13 |   38 |      13
     40 | 2014-02-19 |  101 |      13
     41 | 2014-02-21 |  114 |      14
     41 | 2014-02-17 |   74 |      14
     42 | 2014-02-24 |  160 |      17
     42 | 2014-02-16 |   77 |      17
     43 | 2014-02-14 |   61 |      17
     44 | 2014-02-23 |  128 |      16
     45 | 2014-02-27 |  193 |      16
     46 | 2014-02-15 |   61 |      15
     47 | 2014-02-09 |    8 |      17
     48 | 2014-02-26 |  181 |      17
     48 | 2014-02-12 |   41 |      17
     49 | 2014-02-22 |  124 |      18
     50 | 2014-02-17 |   78 |      18
     51 | 2014-02-25 |  169 |      18
     52 | 2014-02-27 |  174 |      13
     52 | 2014-02-16 |   65 |      13
     52 | 2014-02-18 |   86 |      13
     52 | 2014-02-23 |  138 |      13
     53 | 2014-02-15 |   64 |      17
     54 | 2014-02-21 |  128 |      16
     55 | 2014-02-11 |   23 |      15
     55 | 2014-02-13 |   48 |      15
     56 | 2014-02-17 |   79 |      16
     57 | 2014-02-19 |  113 |      14
     57 | 2014-02-22 |  152 |      14
     58 | 2014-02-26 |  185 |      17
     59 | 2014-02-13 |   46 |      17
     60 | 2014-02-15 |   66 |      17
     61 | 2014-02-13 |   39 |      16
     62 | 2014-02-20 |  119 |      16
     62 | 2014-02-09 |    6 |      16
     63 | 2014-02-10 |   19 |      16
     64 | 2014-02-22 |  126 |      17
     65 | 2014-02-22 |  114 |      16
     65 | 2014-02-26 |  152 |      16
     66 | 2014-02-19 |   86 |      13
     66 | 2014-02-21 |  104 |      13
     66 | 2014-02-24 |  134 |      13
     66 | 2014-02-10 |   13 |      13
     67 | 2014-02-22 |  134 |      16
     67 | 2014-02-12 |   41 |      16
     67 | 2014-02-20 |  110 |      16
     68 | 2014-02-19 |  103 |      15
     68 | 2014-02-13 |   41 |      15
     69 | 2014-02-25 |  155 |      14
     70 | 2014-02-22 |  141 |      19
     71 | 2014-02-22 |  135 |      16
     72 | 2014-02-19 |  116 |      21
     73 | 2014-02-24 |  144 |      16
     74 | 2014-02-24 |  143 |      17
     75 | 2014-02-19 |  112 |      17
     76 | 2014-02-27 |  184 |      18
     77 | 2014-02-13 |   43 |      16
     78 | 2014-02-22 |  137 |      15
     78 | 2014-02-25 |  166 |      15
     79 | 2014-02-11 |   29 |      15
     80 | 2014-02-18 |   97 |      15
     80 | 2014-02-24 |  165 |      15
     81 | 2014-02-18 |   80 |      17
     81 | 2014-02-25 |  153 |      17
     82 | 2014-02-25 |  157 |      16
     83 | 2014-02-15 |   60 |      16
     84 | 2014-02-17 |   94 |      18
     84 | 2014-02-14 |   52 |      18
     85 | 2014-02-15 |   60 |      14
     86 | 2014-02-25 |  171 |      18
     87 | 2014-02-19 |   95 |      16
     88 | 2014-02-16 |   76 |      15
     88 | 2014-02-17 |   91 |      15
     89 | 2014-02-12 |   38 |      15
     90 | 2014-02-24 |  138 |      15
     91 | 2014-02-09 |    3 |      18
     92 | 2014-02-26 |  180 |      18
     93 | 2014-02-14 |   46 |      14
     94 | 2014-02-09 |    1 |      15
     94 | 2014-02-24 |  147 |      15
     95 | 2014-02-09 |    3 |      18
     95 | 2014-02-19 |  100 |      18
     96 | 2014-02-22 |  130 |      17
     97 | 2014-02-18 |   83 |      18
     98 | 2014-02-17 |   68 |      13
     98 | 2014-02-25 |  138 |      13
     99 | 2014-02-27 |  175 |      15
    100 | 2014-02-16 |   77 |      16
    101 | 2014-02-10 |   17 |      17
    102 | 2014-02-19 |  103 |      17
    103 | 2014-02-13 |   51 |      15
    104 | 2014-02-27 |  181 |      15
    104 | 2014-02-16 |   72 |      15
    104 | 2014-02-09 |    7 |      15
    105 | 2014-02-19 |  115 |      17
    106 | 2014-02-27 |  177 |      16
    107 | 2014-02-10 |   13 |      14
    107 | 2014-02-21 |  121 |      14
    108 | 2014-02-17 |   91 |      18
    109 | 2014-02-14 |   48 |      15
    109 | 2014-02-27 |  176 |      15
    110 | 2014-02-14 |   53 |      15
    110 | 2014-02-22 |  138 |      15
    110 | 2014-02-27 |  198 |      15
    111 | 2014-02-26 |  171 |      17
    112 | 2014-02-11 |   36 |      20
    113 | 2014-02-11 |   24 |      16
    113 | 2014-02-16 |   87 |      16
    114 | 2014-02-15 |   58 |      15
    114 | 2014-02-13 |   38 |      15
    115 | 2014-02-19 |  101 |      17
    116 | 2014-02-15 |   70 |      17
    117 | 2014-02-16 |   78 |      17
    118 | 2014-02-17 |   86 |      15
    118 | 2014-02-26 |  174 |      15
    118 | 2014-02-11 |   23 |      15
    119 | 2014-02-24 |  173 |      18
    120 | 2014-02-10 |   10 |      15
    121 | 2014-02-15 |   54 |      17
    122 | 2014-02-15 |   48 |      13
    122 | 2014-02-16 |   61 |      13
    123 | 2014-02-26 |  181 |      18
    124 | 2014-02-12 |   29 |      15
    124 | 2014-02-26 |  175 |      15
    125 | 2014-02-17 |   87 |      14
    126 | 2014-02-13 |   52 |      14
    127 | 2014-02-10 |   11 |      18
    128 | 2014-02-27 |  174 |      16
    129 | 2014-02-09 |    7 |      15
    130 | 2014-02-20 |  134 |      18
    131 | 2014-02-13 |   45 |      14
    132 | 2014-02-26 |  161 |      14
    133 | 2014-02-25 |  182 |      19
    134 | 2014-02-23 |  145 |      17
    135 | 2014-02-13 |   44 |      15
    135 | 2014-02-19 |  103 |      15
    136 | 2014-02-12 |   37 |      16
    136 | 2014-02-27 |  183 |      16
    137 | 2014-02-20 |  115 |      18
    137 | 2014-02-09 |    6 |      18
    138 | 2014-02-24 |  169 |      16
    138 | 2014-02-10 |   14 |      16
    139 | 2014-02-26 |  154 |      14
    140 | 2014-02-13 |   38 |      15
    140 | 2014-02-25 |  152 |      15
    141 | 2014-02-19 |  114 |      16
    142 | 2014-02-14 |   36 |      13
    143 | 2014-02-18 |  104 |      14
    144 | 2014-02-10 |   16 |      17
    145 | 2014-02-11 |   22 |      16
    145 | 2014-02-20 |  125 |      16
    146 | 2014-02-24 |  146 |      17
    147 | 2014-02-24 |  154 |      17
    148 | 2014-02-09 |    3 |      13
    148 | 2014-02-13 |   41 |      13
    148 | 2014-02-22 |  127 |      13
    149 | 2014-02-14 |   43 |      14
    150 | 2014-02-20 |  122 |      14
    151 | 2014-02-16 |   91 |      16
    152 | 2014-02-22 |  129 |      15
    153 | 2014-02-14 |   54 |      16
    154 | 2014-02-09 |    6 |      16
    155 | 2014-02-19 |  115 |      17
    156 | 2014-02-21 |  124 |      18
    157 | 2014-02-13 |   46 |      16
    158 | 2014-02-25 |  171 |      16
    159 | 2014-02-22 |  131 |      13
    159 | 2014-02-12 |   35 |      13
    160 | 2014-02-09 |    3 |      17
    161 | 2014-02-27 |  176 |      16
    162 | 2014-02-10 |   21 |      16
    163 | 2014-02-22 |  144 |      14
    163 | 2014-02-19 |  109 |      14
    164 | 2014-02-15 |   55 |      16
    165 | 2014-02-13 |   51 |      16
    166 | 2014-02-09 |    7 |      16
    167 | 2014-02-25 |  165 |      14
    167 | 2014-02-12 |   43 |      14
    167 | 2014-02-09 |    5 |      14
    168 | 2014-02-14 |   54 |      18
    169 | 2014-02-10 |   15 |      14
    169 | 2014-02-21 |  127 |      14
    170 | 2014-02-16 |   86 |      18
    171 | 2014-02-25 |  146 |      17
    172 | 2014-02-17 |   68 |      13
    173 | 2014-02-11 |   26 |      14
    174 | 2014-02-24 |  191 |      20
    175 | 2014-02-14 |   51 |      16
    175 | 2014-02-09 |    6 |      16
    175 | 2014-02-20 |  121 |      16
    176 | 2014-02-10 |   13 |      18
    177 | 2014-02-14 |   51 |      15
    178 | 2014-02-16 |   72 |      14
    179 | 2014-02-26 |  155 |      16
    180 | 2014-02-13 |   43 |      15
    180 | 2014-02-22 |  133 |      15
    180 | 2014-02-17 |   78 |      15
    181 | 2014-02-24 |  157 |      15
    181 | 2014-02-09 |    6 |      15
    181 | 2014-02-11 |   28 |      15
    182 | 2014-02-16 |   71 |      17
    183 | 2014-02-24 |  155 |      17
    184 | 2014-02-24 |  172 |      20
    185 | 2014-02-20 |  101 |      19
    186 | 2014-02-17 |   94 |      21
    187 | 2014-02-23 |  158 |      15
    188 | 2014-02-24 |  151 |      16
    189 | 2014-02-16 |   75 |      13
    189 | 2014-02-15 |   62 |      13
    190 | 2014-02-27 |  190 |      16
    191 | 2014-02-18 |   83 |      19
    192 | 2014-02-19 |  106 |      15
    193 | 2014-02-12 |   31 |      17
    194 | 2014-02-17 |   71 |      15
    195 | 2014-02-09 |    5 |      19
    196 | 2014-02-22 |  129 |      14
    196 | 2014-02-20 |  106 |      14
    197 | 2014-02-14 |   47 |      16
    198 | 2014-02-10 |   13 |      18
    199 | 2014-02-17 |   82 |      18
    200 | 2014-02-25 |  185 |      16
    200 | 2014-02-19 |  122 |      16
    201 | 2014-02-27 |  178 |      18
    202 | 2014-02-11 |   25 |      16
    203 | 2014-02-22 |  141 |      19
    204 | 2014-02-09 |    2 |      14
    204 | 2014-02-21 |  113 |      14
    205 | 2014-02-26 |  198 |      22
    206 | 2014-02-13 |   45 |      15
    207 | 2014-02-23 |  136 |      15
    208 | 2014-02-24 |  179 |      15
    208 | 2014-02-16 |   82 |      15
    208 | 2014-02-17 |   97 |      15
    209 | 2014-02-21 |  107 |      13
    209 | 2014-02-17 |   69 |      13
    210 | 2014-02-13 |   47 |      16
    210 | 2014-02-24 |  154 |      16
    210 | 2014-02-14 |   63 |      16
    211 | 2014-02-17 |   83 |      18
    212 | 2014-02-20 |  119 |      15
    212 | 2014-02-17 |   86 |      15
    213 | 2014-02-27 |  172 |      19
    214 | 2014-02-24 |  160 |      16
    215 | 2014-02-10 |   21 |      15
    216 | 2014-02-17 |   79 |      17
    217 | 2014-02-11 |   20 |      17
    218 | 2014-02-14 |   59 |      18
    219 | 2014-02-17 |   85 |      15
    220 | 2014-02-10 |   19 |      15
    221 | 2014-02-12 |   27 |      16
    221 | 2014-02-21 |  112 |      16
    222 | 2014-02-14 |   52 |      13
    222 | 2014-02-26 |  159 |      13
    223 | 2014-02-13 |   50 |      18
    223 | 2014-02-20 |  126 |      18
    224 | 2014-02-18 |   91 |      17
    225 | 2014-02-12 |   35 |      14
    225 | 2014-02-19 |  115 |      14
    225 | 2014-02-15 |   70 |      14
    226 | 2014-02-14 |   69 |      17
    227 | 2014-02-27 |  180 |      17
    228 | 2014-02-20 |  108 |      13
    228 | 2014-02-24 |  146 |      13
    229 | 2014-02-27 |  185 |      19
    230 | 2014-02-18 |   82 |      16
    231 | 2014-02-23 |  159 |      18
    232 | 2014-02-23 |  138 |      14
    233 | 2014-02-26 |  163 |      17
    234 | 2014-02-16 |   59 |      16
    234 | 2014-02-24 |  158 |      16
    235 | 2014-02-19 |   89 |      15
    236 | 2014-02-15 |   61 |      16
    237 | 2014-02-20 |  132 |      17
    238 | 2014-02-27 |  192 |      15
    238 | 2014-02-17 |   88 |      15
    239 | 2014-02-19 |  110 |      17
    240 | 2014-02-17 |   94 |      17
    241 | 2014-02-21 |  112 |      17
    242 | 2014-02-18 |  100 |      16
    243 | 2014-02-19 |   99 |      17
    244 | 2014-02-12 |   34 |      17
    245 | 2014-02-15 |   66 |      19
    246 | 2014-02-11 |   22 |      17
    247 | 2014-02-20 |  111 |      15
    248 | 2014-02-14 |   57 |      16
    249 | 2014-02-26 |  165 |      14
    250 | 2014-02-15 |   64 |      14
    250 | 2014-02-22 |  138 |      14
    251 | 2014-02-22 |  115 |      18
    252 | 2014-02-10 |   12 |      16
    252 | 2014-02-18 |  100 |      16
    253 | 2014-02-15 |   55 |      16
    254 | 2014-02-14 |   64 |      16
    255 | 2014-02-27 |  174 |      19
    256 | 2014-02-20 |  117 |      14
    256 | 2014-02-15 |   60 |      14
    257 | 2014-02-13 |   32 |      15
    258 | 2014-02-18 |  102 |      16
    259 | 2014-02-25 |  152 |      15
    260 | 2014-02-18 |   93 |      16
    261 | 2014-02-13 |   40 |      18
    262 | 2014-02-15 |   56 |      16
    263 | 2014-02-18 |   93 |      17
    264 | 2014-02-16 |   78 |      17
    265 | 2014-02-25 |  155 |      15
    266 | 2014-02-14 |   61 |      16
    267 | 2014-02-20 |  130 |      15
    268 | 2014-02-23 |  123 |      17
    269 | 2014-02-19 |  112 |      16
    270 | 2014-02-17 |   73 |      18
    271 | 2014-02-20 |  120 |      16
    272 | 2014-02-13 |   40 |      17
    272 | 2014-02-23 |  162 |      17
    273 | 2014-02-18 |   97 |      16
    274 | 2014-02-17 |   74 |      15
    275 | 2014-02-11 |   31 |      15
    276 | 2014-02-16 |   71 |      14
    277 | 2014-02-24 |  137 |      17
    278 | 2014-02-15 |   68 |      17
    278 | 2014-02-19 |  113 |      17
    279 | 2014-02-13 |   42 |      14
    280 | 2014-02-17 |   68 |      16
    281 | 2014-02-17 |   79 |      15
    281 | 2014-02-16 |   64 |      15
    281 | 2014-02-11 |   15 |      15
    282 | 2014-02-11 |   22 |      16
    283 | 2014-02-24 |  149 |      16
    284 | 2014-02-10 |   16 |      15
    284 | 2014-02-16 |   91 |      15
    285 | 2014-02-27 |  173 |      16
    286 | 2014-02-11 |   30 |      15
    287 | 2014-02-13 |   48 |      17
    288 | 2014-02-14 |   45 |      15
    289 | 2014-02-14 |   43 |      14
    289 | 2014-02-20 |  108 |      14
    290 | 2014-02-12 |   39 |      19
    291 | 2014-02-10 |   12 |      19
    292 | 2014-02-10 |   18 |      15
    293 | 2014-02-27 |  159 |      15
    294 | 2014-02-12 |   38 |      13
    295 | 2014-02-12 |   21 |      19
    296 | 2014-02-23 |  155 |      17
    297 | 2014-02-14 |   43 |      15
    298 | 2014-02-11 |   28 |      19
    299 | 2014-02-17 |   76 |      15
    300 | 2014-02-26 |  156 |      16
    301 | 2014-02-19 |  108 |      16
    302 | 2014-02-24 |  155 |      14
    302 | 2014-02-15 |   58 |      14
    303 | 2014-02-09 |    5 |      17
    304 | 2014-02-19 |   91 |      15
    304 | 2014-02-15 |   41 |      15
    305 | 2014-02-09 |    4 |      18
    306 | 2014-02-14 |   54 |      17
    307 | 2014-02-25 |  169 |      19
    308 | 2014-02-25 |  154 |      18
    309 | 2014-02-13 |   37 |      18
    310 | 2014-02-12 |   27 |      14
    311 | 2014-02-15 |   45 |      14
    312 | 2014-02-22 |  114 |      17
    312 | 2014-02-24 |  143 |      17
    313 | 2014-02-22 |  122 |      15
    314 | 2014-02-27 |  170 |      14
    314 | 2014-02-24 |  135 |      14
    315 | 2014-02-14 |   48 |      14
    315 | 2014-02-09 |    6 |      14
    316 | 2014-02-26 |  166 |      18
    317 | 2014-02-27 |  164 |      15
    318 | 2014-02-09 |    8 |      16
    318 | 2014-02-26 |  181 |      16
    319 | 2014-02-19 |  112 |      16
    319 | 2014-02-26 |  202 |      16
    319 | 2014-02-10 |   12 |      16
    320 | 2014-02-17 |   88 |      18
    321 | 2014-02-19 |   90 |      17
    321 | 2014-02-17 |   65 |      17
    322 | 2014-02-10 |   17 |      18
    323 | 2014-02-25 |  168 |      16
    324 | 2014-02-17 |   83 |      17
    325 | 2014-02-14 |   45 |      19
    326 | 2014-02-14 |   53 |      15
    327 | 2014-02-17 |   76 |      15
    328 | 2014-02-23 |  118 |      17
    329 | 2014-02-12 |   35 |      13
    329 | 2014-02-21 |  121 |      13
    330 | 2014-02-25 |  154 |      15
    331 | 2014-02-14 |   64 |      14
    331 | 2014-02-09 |    4 |      14
    332 | 2014-02-09 |    6 |      15
    333 | 2014-02-21 |  122 |      15
    334 | 2014-02-21 |  116 |      16
    335 | 2014-02-11 |   23 |      19
    336 | 2014-02-20 |  114 |      17
    337 | 2014-02-13 |   45 |      18
    338 | 2014-02-11 |   20 |      17
    339 | 2014-02-20 |  109 |      18
    340 | 2014-02-14 |   53 |      14
    340 | 2014-02-15 |   67 |      14
    340 | 2014-02-18 |  100 |      14
    341 | 2014-02-20 |  119 |      15
    342 | 2014-02-16 |   75 |      16
    343 | 2014-02-22 |  125 |      16
    344 | 2014-02-16 |   70 |      16
    345 | 2014-02-15 |   60 |      15
    345 | 2014-02-23 |  134 |      15
    346 | 2014-02-16 |   82 |      16
    347 | 2014-02-19 |  111 |      19
    348 | 2014-02-22 |  131 |      15
    349 | 2014-02-17 |   82 |      16
    350 | 2014-02-13 |   44 |      14
    350 | 2014-02-17 |   84 |      14
    351 | 2014-02-25 |  167 |      18
    352 | 2014-02-27 |  182 |      15
    353 | 2014-02-22 |  134 |      17
    354 | 2014-02-24 |  137 |      16
    354 | 2014-02-26 |  161 |      16
    355 | 2014-02-17 |   79 |      13
    356 | 2014-02-26 |  139 |      15
    357 | 2014-02-16 |   79 |      17
    357 | 2014-02-10 |   11 |      17
    358 | 2014-02-27 |  191 |      15
    358 | 2014-02-12 |   40 |      15
    359 | 2014-02-20 |  101 |      15
    360 | 2014-02-18 |  101 |      14
    360 | 2014-02-23 |  148 |      14
    360 | 2014-02-11 |   24 |      14
    361 | 2014-02-17 |   87 |      15
    361 | 2014-02-13 |   45 |      15
    362 | 2014-02-12 |   30 |      16
    363 | 2014-02-18 |   99 |      16
    364 | 2014-02-18 |   86 |      16
    365 | 2014-02-15 |   70 |      18
    366 | 2014-02-27 |  211 |      19
    367 | 2014-02-23 |  138 |      13
    367 | 2014-02-24 |  151 |      13
    368 | 2014-02-18 |   88 |      16
    369 | 2014-02-12 |   45 |      18
    370 | 2014-02-13 |   49 |      15
    370 | 2014-02-18 |   94 |      15
    371 | 2014-02-16 |   73 |      15
    372 | 2014-02-12 |   43 |      15
    373 | 2014-02-20 |  120 |      18
    374 | 2014-02-19 |  118 |      17
    375 | 2014-02-18 |   97 |      18
    376 | 2014-02-18 |   92 |      16
    377 | 2014-02-11 |   24 |      14
    378 | 2014-02-27 |  181 |      15
    378 | 2014-02-09 |    6 |      15
    379 | 2014-02-27 |  180 |      16
    380 | 2014-02-24 |  135 |      18
    381 | 2014-02-23 |  131 |      14
    382 | 2014-02-16 |   86 |      21
    383 | 2014-02-09 |    5 |      19
    384 | 2014-02-19 |  104 |      17
    385 | 2014-02-27 |  175 |      17
    386 | 2014-02-22 |  112 |      14
    387 | 2014-02-17 |   60 |      19
    388 | 2014-02-16 |   86 |      16
    388 | 2014-02-15 |   70 |      16
    389 | 2014-02-17 |   72 |      15
    390 | 2014-02-19 |  106 |      17
    391 | 2014-02-20 |  122 |      15
    392 | 2014-02-16 |   73 |      15
    392 | 2014-02-18 |   98 |      15
    393 | 2014-02-23 |  143 |      21
    394 | 2014-02-17 |   78 |      12
    395 | 2014-02-27 |  167 |      13
    395 | 2014-02-17 |   71 |      13
    396 | 2014-02-16 |   81 |      16
    397 | 2014-02-14 |   53 |      15
    398 | 2014-02-17 |   84 |      14
    398 | 2014-02-22 |  129 |      14
    399 | 2014-02-15 |   62 |      16
    400 | 2014-02-15 |   59 |      13
    401 | 2014-02-18 |   98 |      15
    401 | 2014-02-26 |  184 |      15
    402 | 2014-02-23 |  152 |      15
    403 | 2014-02-13 |   46 |      14
    403 | 2014-02-27 |  190 |      14
    404 | 2014-02-21 |  106 |      14
    405 | 2014-02-14 |   51 |      14
    405 | 2014-02-10 |   10 |      14
    406 | 2014-02-27 |  186 |      14
    407 | 2014-02-13 |   43 |      18
    408 | 2014-02-27 |  185 |      18
    409 | 2014-02-25 |  146 |      16
    410 | 2014-02-14 |   46 |      19
    411 | 2014-02-21 |  132 |      15
    411 | 2014-02-09 |    7 |      15
    412 | 2014-02-19 |   99 |      18
    413 | 2014-02-09 |    5 |      16
    414 | 2014-02-27 |  169 |      17
    415 | 2014-02-18 |  105 |      18
    416 | 2014-02-12 |   40 |      15
    416 | 2014-02-25 |  184 |      15
    417 | 2014-02-18 |   96 |      14
    417 | 2014-02-16 |   73 |      14
    418 | 2014-02-09 |    5 |      16
    419 | 2014-02-15 |   70 |      16
    420 | 2014-02-19 |  105 |      19
    421 | 2014-02-10 |   13 |      16
    422 | 2014-02-24 |  143 |      16
    423 | 2014-02-26 |  185 |      15
    423 | 2014-02-23 |  151 |      15
    424 | 2014-02-24 |  144 |      15
    425 | 2014-02-25 |  149 |      17
    426 | 2014-02-12 |   32 |      15
    426 | 2014-02-18 |  100 |      15
    426 | 2014-02-09 |    3 |      15
    427 | 2014-02-16 |   63 |      18
    428 | 2014-02-23 |  145 |      17
    429 | 2014-02-21 |  137 |      17
    430 | 2014-02-23 |  147 |      17
    431 | 2014-02-19 |  112 |      19
    432 | 2014-02-20 |   88 |      16
    433 | 2014-02-09 |    5 |      15
    434 | 2014-02-19 |  110 |      16
    435 | 2014-02-12 |   40 |      16
    435 | 2014-02-16 |   80 |      16
    436 | 2014-02-26 |  197 |      19
    437 | 2014-02-17 |   87 |      16
    438 | 2014-02-14 |   45 |      16
    439 | 2014-02-11 |   27 |      15
    440 | 2014-02-15 |   59 |      16
    440 | 2014-02-24 |  149 |      16
    441 | 2014-02-19 |  106 |      15
    442 | 2014-02-11 |   34 |      18
    443 | 2014-02-16 |   77 |      15
    444 | 2014-02-09 |    7 |      13
    444 | 2014-02-27 |  164 |      13
    444 | 2014-02-17 |   86 |      13
    445 | 2014-02-17 |   82 |      15
    445 | 2014-02-20 |  120 |      15
    445 | 2014-02-18 |   97 |      15
    446 | 2014-02-22 |  121 |      19
    447 | 2014-02-23 |  152 |      13
    447 | 2014-02-16 |   82 |      13
    447 | 2014-02-12 |   44 |      13
    448 | 2014-02-27 |  195 |      15
    448 | 2014-02-18 |   94 |      15
    448 | 2014-02-21 |  132 |      15
    449 | 2014-02-19 |  107 |      16
    450 | 2014-02-23 |  136 |      19
    451 | 2014-02-24 |  147 |      14
    451 | 2014-02-15 |   63 |      14
    452 | 2014-02-18 |   85 |      14
    452 | 2014-02-11 |   22 |      14
    453 | 2014-02-15 |   63 |      17
    454 | 2014-02-15 |   92 |      17
    455 | 2014-02-20 |  103 |      14
    456 | 2014-02-10 |   14 |      13
    457 | 2014-02-18 |   90 |      15
    458 | 2014-02-17 |   97 |      16
    459 | 2014-02-24 |  156 |      16
    460 | 2014-02-20 |  120 |      15
    461 | 2014-02-12 |   30 |      16
    462 | 2014-02-13 |   57 |      17
    463 | 2014-02-14 |   49 |      20
    464 | 2014-02-25 |  151 |      18
    465 | 2014-02-12 |   29 |      15
    465 | 2014-02-23 |  127 |      15
    466 | 2014-02-12 |   36 |      15
    467 | 2014-02-24 |  166 |      16
    468 | 2014-02-21 |  113 |      18
    469 | 2014-02-25 |  195 |      17
    470 | 2014-02-12 |   37 |      14
    471 | 2014-02-26 |  177 |      16
    472 | 2014-02-11 |   29 |      18
    473 | 2014-02-10 |   14 |      17
    474 | 2014-02-15 |   64 |      16
    475 | 2014-02-27 |  181 |      16
    476 | 2014-02-13 |   51 |      14
    476 | 2014-02-23 |  152 |      14
    477 | 2014-02-26 |  159 |      15
    478 | 2014-02-24 |  160 |      15
    479 | 2014-02-27 |  186 |      18
    480 | 2014-02-26 |  173 |      17
    481 | 2014-02-16 |   88 |      16
    481 | 2014-02-25 |  186 |      16
    482 | 2014-02-23 |  146 |      16
    483 | 2014-02-24 |  151 |      16
    484 | 2014-02-17 |   78 |      17
    484 | 2014-02-23 |  147 |      17
    485 | 2014-02-09 |    2 |      19
    486 | 2014-02-17 |   86 |      15
    487 | 2014-02-16 |   71 |      17
    488 | 2014-02-16 |   79 |      16
    489 | 2014-02-27 |  193 |      16
    490 | 2014-02-16 |   86 |      17
    491 | 2014-02-10 |   21 |      15
    491 | 2014-02-09 |    6 |      15
    492 | 2014-02-22 |  138 |      15
    492 | 2014-02-25 |  171 |      15
    493 | 2014-02-21 |  116 |      15
    494 | 2014-02-23 |  133 |      15
    495 | 2014-02-21 |   86 |      13
    496 | 2014-02-10 |   15 |      19
    497 | 2014-02-25 |  142 |      18
    498 | 2014-02-13 |   43 |      17
    499 | 2014-02-25 |  139 |      13
    500 | 2014-02-19 |  110 |      14
    500 | 2014-02-13 |   48 |      14
    501 | 2014-02-19 |  108 |      17
    501 | 2014-02-09 |    5 |      17
    502 | 2014-02-18 |   81 |      15
    503 | 2014-02-17 |   91 |      15
    504 | 2014-02-11 |   25 |      17
    505 | 2014-02-27 |  157 |      16
    506 | 2014-02-24 |  160 |      16
    507 | 2014-02-13 |   42 |      16
    508 | 2014-02-11 |   26 |      19
    509 | 2014-02-23 |  151 |      16
    510 | 2014-02-27 |  172 |      15
    511 | 2014-02-26 |  165 |      16
    512 | 2014-02-12 |   21 |      13
    513 | 2014-02-17 |   91 |      17
    514 | 2014-02-23 |  136 |      13
    514 | 2014-02-19 |   99 |      13
    514 | 2014-02-17 |   78 |      13
    514 | 2014-02-11 |   18 |      13
    515 | 2014-02-13 |   31 |      15
    516 | 2014-02-15 |   72 |      13
    516 | 2014-02-09 |   10 |      13
    517 | 2014-02-10 |   20 |      13
    518 | 2014-02-17 |   89 |      15
    519 | 2014-02-15 |   65 |      14
    520 | 2014-02-12 |   37 |      16
    521 | 2014-02-18 |   95 |      14
    521 | 2014-02-22 |  134 |      14
    522 | 2014-02-25 |  156 |      16
    523 | 2014-02-15 |   66 |      17
    524 | 2014-02-20 |  123 |      17
    525 | 2014-02-09 |    7 |      15
    526 | 2014-02-17 |   84 |      14
    527 | 2014-02-15 |   65 |      15
    528 | 2014-02-16 |   72 |      16
    529 | 2014-02-27 |  183 |      17
    530 | 2014-02-12 |   44 |      19
    531 | 2014-02-22 |  127 |      14
    532 | 2014-02-17 |   79 |      15
    532 | 2014-02-20 |  117 |      15
    533 | 2014-02-25 |  170 |      15
    534 | 2014-02-24 |  154 |      19
    535 | 2014-02-27 |  192 |      18
    536 | 2014-02-20 |  115 |      13
    536 | 2014-02-26 |  162 |      13
    536 | 2014-02-16 |   78 |      13
    537 | 2014-02-26 |  172 |      14
    537 | 2014-02-13 |   41 |      14
    538 | 2014-02-19 |   95 |      16
    539 | 2014-02-25 |  157 |      15
    540 | 2014-02-27 |  194 |      18
    541 | 2014-02-22 |  141 |      16
    542 | 2014-02-14 |   58 |      17
    543 | 2014-02-22 |  141 |      18
    544 | 2014-02-18 |   91 |      16
    545 | 2014-02-21 |  105 |      14
    546 | 2014-02-14 |   55 |      14
    547 | 2014-02-26 |  156 |      14
    548 | 2014-02-10 |    9 |      17
    549 | 2014-02-14 |   54 |      15
    550 | 2014-02-27 |  170 |      15
    550 | 2014-02-22 |  118 |      15
    550 | 2014-02-19 |   89 |      15
    551 | 2014-02-21 |  134 |      15
    552 | 2014-02-27 |  173 |      18
    553 | 2014-02-22 |  120 |      12
    553 | 2014-02-12 |   33 |      12
    553 | 2014-02-26 |  158 |      12
    554 | 2014-02-16 |   64 |      15
    554 | 2014-02-25 |  158 |      15
    555 | 2014-02-24 |  147 |      16
    556 | 2014-02-23 |  162 |      17
    557 | 2014-02-18 |   82 |      17
    558 | 2014-02-22 |  147 |      15
    558 | 2014-02-10 |   22 |      15
    559 | 2014-02-13 |   37 |      19
    560 | 2014-02-10 |   21 |      16
    561 | 2014-02-16 |   67 |      14
    562 | 2014-02-24 |  157 |      18
    563 | 2014-02-15 |   75 |      15
    564 | 2014-02-22 |  133 |      14
    564 | 2014-02-20 |  111 |      14
    565 | 2014-02-26 |  178 |      15
    565 | 2014-02-15 |   62 |      15
    565 | 2014-02-17 |   89 |      15
    566 | 2014-02-14 |   55 |      16
    567 | 2014-02-25 |  154 |      15
    567 | 2014-02-14 |   48 |      15
    568 | 2014-02-10 |   17 |      13
    568 | 2014-02-16 |   77 |      13
    569 | 2014-02-23 |  150 |      15
    570 | 2014-02-26 |  160 |      13
    570 | 2014-02-17 |   80 |      13
    571 | 2014-02-21 |  116 |      15
    572 | 2014-02-19 |   95 |      15
    573 | 2014-02-17 |   86 |      17
    574 | 2014-02-23 |  133 |      16
    575 | 2014-02-09 |    5 |      16
    575 | 2014-02-22 |  137 |      16
    576 | 2014-02-12 |   41 |      18
    577 | 2014-02-16 |   82 |      16
    577 | 2014-02-09 |    6 |      16
    578 | 2014-02-11 |   28 |      15
    579 | 2014-02-15 |   55 |      15
    580 | 2014-02-23 |  143 |      13
    580 | 2014-02-24 |  156 |      13
    580 | 2014-02-17 |   79 |      13
    581 | 2014-02-21 |  115 |      14
    581 | 2014-02-22 |  129 |      14
    582 | 2014-02-12 |   30 |      14
    583 | 2014-02-18 |   98 |      17
    584 | 2014-02-10 |   11 |      19
    585 | 2014-02-13 |   44 |      17
    586 | 2014-02-23 |  125 |      14
    587 | 2014-02-24 |  160 |      17
    588 | 2014-02-10 |   10 |      16
    589 | 2014-02-20 |  103 |      16
    590 | 2014-02-09 |    5 |      15
    591 | 2014-02-27 |  182 |      17
    591 | 2014-02-22 |  124 |      17
    592 | 2014-02-15 |   77 |      16
    592 | 2014-02-12 |   43 |      16
    593 | 2014-02-22 |  146 |      16
    594 | 2014-02-14 |   55 |      18
    595 | 2014-02-19 |  105 |      17
    596 | 2014-02-24 |  153 |      17
    597 | 2014-02-19 |   89 |      14
    598 | 2014-02-11 |   24 |      13
    598 | 2014-02-17 |   86 |      13
    599 | 2014-02-27 |  170 |      16
    600 | 2014-02-25 |  139 |      13
    601 | 2014-02-23 |  137 |      16
    602 | 2014-02-11 |   24 |      13
    603 | 2014-02-20 |  109 |      14
    603 | 2014-02-23 |  143 |      14
    603 | 2014-02-26 |  180 |      14
    604 | 2014-02-27 |  209 |      17
    604 | 2014-02-18 |   99 |      17
    605 | 2014-02-14 |   52 |      13
    605 | 2014-02-10 |   14 |      13
    605 | 2014-02-20 |  109 |      13
    605 | 2014-02-16 |   71 |      13
    606 | 2014-02-21 |  105 |      14
    606 | 2014-02-27 |  162 |      14
    607 | 2014-02-11 |   30 |      21
    608 | 2014-02-23 |  128 |      14
    609 | 2014-02-09 |    5 |      16
    610 | 2014-02-19 |  102 |      17
    611 | 2014-02-16 |   66 |      17
    612 | 2014-02-25 |  168 |      14
    613 | 2014-02-24 |  144 |      17
    614 | 2014-02-09 |    7 |      19
    615 | 2014-02-13 |   37 |      15
    616 | 2014-02-24 |  159 |      16
    616 | 2014-02-22 |  135 |      16
    617 | 2014-02-21 |  121 |      17
    618 | 2014-02-09 |    4 |      17
    619 | 2014-02-19 |  126 |      17
    620 | 2014-02-18 |   79 |      14
    620 | 2014-02-27 |  163 |      14
    621 | 2014-02-17 |   69 |      18
    622 | 2014-02-15 |   70 |      17
    623 | 2014-02-13 |   43 |      16
    624 | 2014-02-25 |  164 |      16
    625 | 2014-02-14 |   66 |      14
    625 | 2014-02-10 |   20 |      14
    626 | 2014-02-23 |  125 |      14
    627 | 2014-02-18 |   92 |      15
    628 | 2014-02-15 |   62 |      19
    629 | 2014-02-20 |  117 |      17
    630 | 2014-02-21 |  131 |      15
    631 | 2014-02-23 |  107 |      16
    632 | 2014-02-11 |   34 |      16
    633 | 2014-02-10 |   20 |      17
    634 | 2014-02-21 |  110 |      13
    634 | 2014-02-11 |   29 |      13
    635 | 2014-02-17 |   86 |      17
    636 | 2014-02-21 |  125 |      16
    637 | 2014-02-12 |   39 |      17
    638 | 2014-02-10 |   14 |      20
    639 | 2014-02-26 |  146 |      12
    640 | 2014-02-19 |   96 |      16
    641 | 2014-02-24 |  143 |      15
    642 | 2014-02-22 |  128 |      13
    642 | 2014-02-15 |   60 |      13
    643 | 2014-02-23 |  125 |      18
    644 | 2014-02-11 |   28 |      20
    645 | 2014-02-25 |  174 |      16
    645 | 2014-02-20 |  108 |      16
    646 | 2014-02-20 |  126 |      15
    646 | 2014-02-09 |    8 |      15
    646 | 2014-02-10 |   23 |      15
    647 | 2014-02-22 |  117 |      13
    647 | 2014-02-17 |   68 |      13
    648 | 2014-02-13 |   49 |      15
    649 | 2014-02-20 |  104 |      14
    649 | 2014-02-16 |   56 |      14
    650 | 2014-02-09 |    7 |      17
    651 | 2014-02-09 |    4 |      17
    652 | 2014-02-18 |   75 |      18
    653 | 2014-02-14 |   64 |      16
    654 | 2014-02-11 |   18 |      15
    655 | 2014-02-20 |  105 |      16
    656 | 2014-02-15 |   57 |      15
    657 | 2014-02-15 |   67 |      15
    658 | 2014-02-11 |   19 |      13
    658 | 2014-02-19 |   88 |      13
    659 | 2014-02-24 |  142 |      14
    660 | 2014-02-11 |   24 |      16
    660 | 2014-02-25 |  173 |      16
    661 | 2014-02-19 |   99 |      20
    662 | 2014-02-19 |   96 |      16
    663 | 2014-02-12 |   37 |      14
    663 | 2014-02-20 |  118 |      14
    664 | 2014-02-21 |  124 |      17
    665 | 2014-02-11 |   31 |      19
    666 | 2014-02-22 |  157 |      18
    666 | 2014-02-15 |   79 |      18
    667 | 2014-02-09 |    6 |      18
    668 | 2014-02-12 |   28 |      19
    669 | 2014-02-24 |  157 |      18
    670 | 2014-02-09 |    5 |      15
    670 | 2014-02-11 |   28 |      15
    671 | 2014-02-14 |   63 |      15
    672 | 2014-02-13 |   36 |      17
    673 | 2014-02-22 |  128 |      14
    674 | 2014-02-15 |   64 |      16
    675 | 2014-02-15 |   64 |      16
    675 | 2014-02-21 |  126 |      16
    676 | 2014-02-25 |  151 |      13
    677 | 2014-02-15 |   69 |      14
    678 | 2014-02-25 |  159 |      16
    678 | 2014-02-21 |  118 |      16
    679 | 2014-02-19 |   90 |      16
    680 | 2014-02-13 |   53 |      16
    681 | 2014-02-14 |   53 |      21
    682 | 2014-02-14 |   50 |      16
    683 | 2014-02-11 |   25 |      17
    684 | 2014-02-17 |   86 |      20
    685 | 2014-02-14 |   52 |      16
    686 | 2014-02-26 |  166 |      17
    687 | 2014-02-26 |  184 |      16
    688 | 2014-02-19 |  100 |      14
    689 | 2014-02-17 |   77 |      15
    689 | 2014-02-24 |  148 |      15
    690 | 2014-02-09 |    6 |      16
    691 | 2014-02-26 |  146 |      14
    692 | 2014-02-15 |   54 |      20
    693 | 2014-02-22 |  134 |      16
    693 | 2014-02-20 |  111 |      16
    694 | 2014-02-27 |  175 |      17
    694 | 2014-02-18 |   81 |      17
    695 | 2014-02-25 |  156 |      12
    696 | 2014-02-23 |  159 |      17
    697 | 2014-02-09 |    6 |      16
    698 | 2014-02-16 |   88 |      15
    699 | 2014-02-13 |   42 |      15
    700 | 2014-02-09 |    7 |      15
    701 | 2014-02-18 |  100 |      17
    702 | 2014-02-18 |   91 |      17
    703 | 2014-02-15 |   62 |      16
    704 | 2014-02-12 |   37 |      15
    705 | 2014-02-26 |  191 |      16
    705 | 2014-02-24 |  164 |      16
    706 | 2014-02-13 |   53 |      16
    707 | 2014-02-15 |   69 |      17
    708 | 2014-02-20 |  120 |      15
    709 | 2014-02-13 |   42 |      13
    710 | 2014-02-13 |   40 |      15
    711 | 2014-02-11 |   22 |      14
    712 | 2014-02-23 |  140 |      14
    713 | 2014-02-18 |  106 |      17
    714 | 2014-02-15 |   60 |      15
    715 | 2014-02-13 |   49 |      16
    716 | 2014-02-19 |  100 |      14
    717 | 2014-02-11 |   27 |      15
    717 | 2014-02-26 |  195 |      15
    717 | 2014-02-19 |  116 |      15
    718 | 2014-02-16 |   87 |      16
    718 | 2014-02-11 |   27 |      16
    719 | 2014-02-10 |   15 |      16
    719 | 2014-02-20 |  113 |      16
    720 | 2014-02-18 |   89 |      16
    721 | 2014-02-15 |   71 |      17
    722 | 2014-02-23 |  145 |      16
    723 | 2014-02-21 |  127 |      13
    723 | 2014-02-11 |   24 |      13
    723 | 2014-02-18 |   90 |      13
    724 | 2014-02-10 |   19 |      15
    724 | 2014-02-27 |  189 |      15
    724 | 2014-02-14 |   68 |      15
    725 | 2014-02-23 |  155 |      15
    725 | 2014-02-15 |   69 |      15
    726 | 2014-02-11 |   34 |      16
    727 | 2014-02-11 |   18 |      15
    728 | 2014-02-14 |   61 |      18
    729 | 2014-02-09 |    4 |      12
    729 | 2014-02-20 |  117 |      12
    729 | 2014-02-11 |   27 |      12
    730 | 2014-02-22 |  138 |      16
    730 | 2014-02-18 |   99 |      16
    731 | 2014-02-25 |  144 |      17
    732 | 2014-02-13 |   52 |      16
    732 | 2014-02-26 |  194 |      16
    733 | 2014-02-13 |   50 |      16
    733 | 2014-02-26 |  173 |      16
    734 | 2014-02-20 |  123 |      15
    735 | 2014-02-14 |   63 |      20
    736 | 2014-02-21 |  121 |      16
    737 | 2014-02-20 |  117 |      16
    737 | 2014-02-16 |   80 |      16
    738 | 2014-02-18 |   93 |      15
    739 | 2014-02-17 |   79 |      17
    740 | 2014-02-15 |   67 |      18
    741 | 2014-02-15 |   68 |      15
    741 | 2014-02-11 |   21 |      15
    742 | 2014-02-09 |    3 |      16
    743 | 2014-02-11 |   36 |      19
    744 | 2014-02-20 |   77 |      18
    745 | 2014-02-16 |   74 |      16
    746 | 2014-02-22 |  148 |      16
    747 | 2014-02-11 |   27 |      17
    747 | 2014-02-18 |  108 |      17
    748 | 2014-02-25 |  166 |      18
    749 | 2014-02-21 |  112 |      15
    749 | 2014-02-22 |  127 |      15
    750 | 2014-02-15 |   60 |      18
    751 | 2014-02-15 |   48 |      15
    752 | 2014-02-13 |   38 |      15
    753 | 2014-02-13 |   49 |      14
    753 | 2014-02-14 |   63 |      14
    754 | 2014-02-23 |  166 |      19
    755 | 2014-02-22 |  132 |      17
    755 | 2014-02-10 |   17 |      17
    756 | 2014-02-18 |  118 |      19
    757 | 2014-02-17 |   87 |      17
    758 | 2014-02-13 |   32 |      14
    758 | 2014-02-17 |   75 |      14
    759 | 2014-02-25 |  156 |      14
    759 | 2014-02-19 |   91 |      14
    760 | 2014-02-27 |  165 |      22
    761 | 2014-02-10 |   13 |      15
    762 | 2014-02-09 |    4 |      21
    763 | 2014-02-23 |  146 |      18
    763 | 2014-02-14 |   56 |      18
    764 | 2014-02-17 |   76 |      13
    765 | 2014-02-23 |  150 |      17
    766 | 2014-02-22 |  126 |      15
    767 | 2014-02-18 |  104 |      18
    768 | 2014-02-22 |  154 |      17
    769 | 2014-02-14 |   55 |      15
    769 | 2014-02-19 |  115 |      15
    770 | 2014-02-15 |   63 |      17
    771 | 2014-02-20 |  120 |      14
    771 | 2014-02-19 |  106 |      14
    771 | 2014-02-16 |   76 |      14
    771 | 2014-02-14 |   54 |      14
    772 | 2014-02-12 |   38 |      16
    772 | 2014-02-16 |   85 |      16
    773 | 2014-02-16 |   86 |      17
    774 | 2014-02-11 |   18 |      14
    775 | 2014-02-27 |  174 |      17
    776 | 2014-02-17 |   84 |      21
    777 | 2014-02-27 |  167 |      16
    778 | 2014-02-22 |  134 |      16
    779 | 2014-02-18 |   96 |      16
    780 | 2014-02-10 |   18 |      16
    780 | 2014-02-18 |  109 |      16
    781 | 2014-02-13 |   32 |      14
    782 | 2014-02-10 |   20 |      17
    783 | 2014-02-10 |   20 |      14
    784 | 2014-02-10 |   13 |      15
    785 | 2014-02-15 |   50 |      13
    785 | 2014-02-17 |   75 |      13
    786 | 2014-02-26 |  158 |      17
    787 | 2014-02-14 |   47 |      17
    788 | 2014-02-19 |  109 |      19
    789 | 2014-02-26 |  189 |      18
    790 | 2014-02-11 |   20 |      16
    791 | 2014-02-16 |   61 |      14
    792 | 2014-02-17 |   75 |      14
    792 | 2014-02-26 |  162 |      14
    793 | 2014-02-12 |   35 |      15
    793 | 2014-02-19 |  102 |      15
    794 | 2014-02-20 |  103 |      14
    794 | 2014-02-21 |  117 |      14
    795 | 2014-02-27 |  184 |      15
    796 | 2014-02-20 |  109 |      17
    797 | 2014-02-25 |  160 |      19
    798 | 2014-02-22 |  110 |      14
    799 | 2014-02-17 |   79 |      18
    800 | 2014-02-25 |  151 |      15
    801 | 2014-02-27 |  171 |      14
    802 | 2014-02-24 |  173 |      20
    803 | 2014-02-25 |  158 |      16
    804 | 2014-02-27 |  158 |      13
    804 | 2014-02-09 |    4 |      13
    805 | 2014-02-21 |  119 |      14
    805 | 2014-02-18 |   87 |      14
    805 | 2014-02-14 |   48 |      14
    806 | 2014-02-16 |   69 |      15
    806 | 2014-02-23 |  155 |      15
    806 | 2014-02-20 |  116 |      15
    807 | 2014-02-19 |  104 |      18
    808 | 2014-02-27 |  209 |      15
    808 | 2014-02-12 |   42 |      15
    808 | 2014-02-20 |  124 |      15
    809 | 2014-02-21 |  112 |      20
    810 | 2014-02-17 |   90 |      16
    811 | 2014-02-19 |   90 |      15
    812 | 2014-02-12 |   27 |      16
    813 | 2014-02-19 |  113 |      15
    814 | 2014-02-11 |   32 |      16
    814 | 2014-02-16 |   81 |      16
    814 | 2014-02-19 |  113 |      16
    815 | 2014-02-15 |   73 |      17
    815 | 2014-02-27 |  205 |      17
    816 | 2014-02-21 |  114 |      14
    817 | 2014-02-24 |  152 |      16
    818 | 2014-02-17 |   90 |      15
    819 | 2014-02-27 |  189 |      16
    820 | 2014-02-27 |  208 |      18
    821 | 2014-02-12 |   44 |      15
    822 | 2014-02-11 |   27 |      16
    823 | 2014-02-11 |   32 |      15
    823 | 2014-02-15 |   76 |      15
    824 | 2014-02-27 |  207 |      17
    825 | 2014-02-13 |   44 |      17
    826 | 2014-02-10 |   15 |      15
    827 | 2014-02-09 |    3 |      15
    828 | 2014-02-25 |  160 |      16
    829 | 2014-02-09 |    8 |      15
    829 | 2014-02-24 |  165 |      15
    830 | 2014-02-26 |  162 |      17
    831 | 2014-02-23 |  135 |      18
    832 | 2014-02-14 |   48 |      22
    833 | 2014-02-09 |    5 |      17
    833 | 2014-02-27 |  190 |      17
    834 | 2014-02-16 |   70 |      15
    834 | 2014-02-23 |  140 |      15
    835 | 2014-02-26 |  185 |      16
    835 | 2014-02-20 |  120 |      16
    836 | 2014-02-09 |    3 |      17
    837 | 2014-02-22 |  139 |      17
    838 | 2014-02-11 |   21 |      13
    838 | 2014-02-12 |   34 |      13
    839 | 2014-02-13 |   32 |      14
    840 | 2014-02-15 |   46 |      13
    841 | 2014-02-11 |   19 |      16
    842 | 2014-02-23 |  140 |      15
    843 | 2014-02-26 |  191 |      17
    844 | 2014-02-22 |  128 |      17
    845 | 2014-02-26 |  157 |      17
    846 | 2014-02-27 |  168 |      14
    846 | 2014-02-11 |   23 |      14
    847 | 2014-02-16 |   58 |      16
    848 | 2014-02-21 |  129 |      16
    849 | 2014-02-21 |  128 |      15
    850 | 2014-02-16 |   83 |      16
    850 | 2014-02-18 |  112 |      16
    850 | 2014-02-25 |  197 |      16
    851 | 2014-02-10 |   18 |      15
    852 | 2014-02-25 |  152 |      15
    853 | 2014-02-14 |   51 |      14
    854 | 2014-02-22 |  123 |      17
    854 | 2014-02-26 |  172 |      17
    855 | 2014-02-17 |   77 |      16
    856 | 2014-02-20 |  126 |      15
    857 | 2014-02-19 |  107 |      17
    858 | 2014-02-18 |   90 |      13
    858 | 2014-02-17 |   77 |      13
    858 | 2014-02-12 |   27 |      13
    858 | 2014-02-26 |  167 |      13
    858 | 2014-02-23 |  138 |      13
    859 | 2014-02-11 |   24 |      16
    860 | 2014-02-14 |   61 |      19
    861 | 2014-02-19 |  102 |      17
    862 | 2014-02-10 |   15 |      17
    862 | 2014-02-23 |  128 |      17
    863 | 2014-02-27 |  184 |      15
    864 | 2014-02-18 |   89 |      17
    865 | 2014-02-14 |   57 |      13
    865 | 2014-02-21 |  128 |      13
    865 | 2014-02-23 |  151 |      13
    865 | 2014-02-25 |  171 |      13
    866 | 2014-02-26 |  185 |      17
    867 | 2014-02-23 |  142 |      18
    868 | 2014-02-10 |   15 |      16
    869 | 2014-02-17 |   77 |      15
    870 | 2014-02-13 |   35 |      15
    870 | 2014-02-25 |  136 |      15
    871 | 2014-02-12 |   35 |      16
    872 | 2014-02-17 |   86 |      15
    873 | 2014-02-13 |   46 |      15
    874 | 2014-02-10 |   21 |      14
    874 | 2014-02-11 |   35 |      14
    875 | 2014-02-13 |   43 |      15
    876 | 2014-02-24 |  168 |      19
    877 | 2014-02-15 |   69 |      15
    878 | 2014-02-17 |   85 |      14
    879 | 2014-02-22 |  147 |      16
    880 | 2014-02-21 |  120 |      14
    881 | 2014-02-12 |   37 |      16
    882 | 2014-02-10 |   11 |      17
    883 | 2014-02-10 |   21 |      17
    883 | 2014-02-23 |  145 |      17
    884 | 2014-02-20 |  109 |      19
    885 | 2014-02-13 |   34 |      17
    886 | 2014-02-16 |   67 |      15
    886 | 2014-02-26 |  152 |      15
    887 | 2014-02-27 |  202 |      16
    888 | 2014-02-19 |   99 |      16
    889 | 2014-02-10 |   14 |      17
    890 | 2014-02-17 |   91 |      15
    890 | 2014-02-13 |   44 |      15
    890 | 2014-02-27 |  202 |      15
    891 | 2014-02-14 |   57 |      17
    892 | 2014-02-12 |   36 |      19
    893 | 2014-02-13 |   41 |      16
    894 | 2014-02-10 |   20 |      16
    895 | 2014-02-11 |   32 |      18
    896 | 2014-02-17 |   85 |      14
    896 | 2014-02-21 |  128 |      14
    896 | 2014-02-10 |   12 |      14
    897 | 2014-02-23 |  166 |      19
    897 | 2014-02-21 |  141 |      19
    898 | 2014-02-25 |  167 |      16
    899 | 2014-02-12 |   40 |      14
    900 | 2014-02-14 |   48 |      14
    900 | 2014-02-22 |  124 |      14
    900 | 2014-02-12 |   31 |      14
    901 | 2014-02-23 |  118 |      14
    901 | 2014-02-24 |  132 |      14
    902 | 2014-02-24 |  181 |      17
    902 | 2014-02-09 |    9 |      17
    903 | 2014-02-10 |   18 |      17
    904 | 2014-02-11 |   27 |      17
    905 | 2014-02-19 |  108 |      16
    906 | 2014-02-24 |  150 |      19
    907 | 2014-02-09 |    7 |      17
    908 | 2014-02-20 |  108 |      17
    909 | 2014-02-11 |   28 |      14
    909 | 2014-02-24 |  155 |      14
    910 | 2014-02-10 |    9 |      18
    911 | 2014-02-19 |  104 |      15
    912 | 2014-02-27 |  194 |      17
    913 | 2014-02-11 |   31 |      12
    914 | 2014-02-24 |  156 |      15
    914 | 2014-02-09 |    5 |      15
    915 | 2014-02-27 |  168 |      14
    915 | 2014-02-20 |  103 |      14
    915 | 2014-02-19 |   89 |      14
    915 | 2014-02-22 |  124 |      14
    916 | 2014-02-20 |  107 |      17
    917 | 2014-02-14 |   54 |      16
    918 | 2014-02-27 |  174 |      14
    918 | 2014-02-24 |  142 |      14
    919 | 2014-02-24 |  135 |      18
    920 | 2014-02-11 |   11 |      15
    921 | 2014-02-24 |  156 |      14
    922 | 2014-02-21 |  121 |      16
    923 | 2014-02-21 |  123 |      14
    924 | 2014-02-26 |  167 |      17
    925 | 2014-02-19 |  104 |      15
    925 | 2014-02-23 |  151 |      15
    926 | 2014-02-22 |  131 |      19
    927 | 2014-02-10 |   14 |      16
    928 | 2014-02-26 |  163 |      12
    928 | 2014-02-18 |   83 |      12
    929 | 2014-02-11 |   29 |      15
    929 | 2014-02-10 |   14 |      15
    930 | 2014-02-18 |  106 |      18
    931 | 2014-02-17 |   91 |      14
    931 | 2014-02-15 |   68 |      14
    932 | 2014-02-20 |  106 |      15
    933 | 2014-02-25 |  177 |      14
    933 | 2014-02-16 |   78 |      14
    934 | 2014-02-17 |   91 |      14
    935 | 2014-02-12 |   36 |      13
    936 | 2014-02-27 |  171 |      18
    937 | 2014-02-17 |   99 |      17
    938 | 2014-02-19 |  110 |      17
    939 | 2014-02-22 |  128 |      18
    940 | 2014-02-16 |   73 |      14
    940 | 2014-02-12 |   36 |      14
    941 | 2014-02-16 |   87 |      15
    941 | 2014-02-13 |   49 |      15
    942 | 2014-02-15 |   55 |      16
    943 | 2014-02-16 |   77 |      17
    944 | 2014-02-11 |   22 |      13
    945 | 2014-02-15 |   53 |      17
    946 | 2014-02-15 |   65 |      15
    946 | 2014-02-22 |  132 |      15
    947 | 2014-02-17 |   85 |      16
    948 | 2014-02-24 |  132 |      14
    948 | 2014-02-18 |   84 |      14
    949 | 2014-02-21 |  126 |      16
    949 | 2014-02-14 |   53 |      16
    950 | 2014-02-13 |   36 |      16
    950 | 2014-02-14 |   52 |      16
    951 | 2014-02-16 |   80 |      15
    951 | 2014-02-10 |   13 |      15
    952 | 2014-02-24 |  151 |      15
    952 | 2014-02-17 |   84 |      15
    953 | 2014-02-09 |    5 |      19
    954 | 2014-02-12 |   43 |      18
    955 | 2014-02-16 |   77 |      18
    956 | 2014-02-14 |   39 |      15
    957 | 2014-02-20 |  110 |      14
    958 | 2014-02-26 |  165 |      17
    959 | 2014-02-12 |   44 |      14
    959 | 2014-02-09 |    8 |      14
    960 | 2014-02-09 |    5 |      14
    960 | 2014-02-21 |  124 |      14
    960 | 2014-02-20 |  110 |      14
    961 | 2014-02-13 |   48 |      21
    962 | 2014-02-11 |   13 |      16
    963 | 2014-02-21 |  124 |      20
    964 | 2014-02-20 |  129 |      16
    964 | 2014-02-18 |  102 |      16
    965 | 2014-02-26 |  175 |      14
    965 | 2014-02-23 |  138 |      14
    965 | 2014-02-17 |   76 |      14
    966 | 2014-02-14 |   61 |      13
    966 | 2014-02-25 |  172 |      13
    967 | 2014-02-18 |   86 |      14
    968 | 2014-02-12 |   46 |      16
    968 | 2014-02-15 |   84 |      16
    968 | 2014-02-09 |    6 |      16
    969 | 2014-02-15 |   59 |      13
    969 | 2014-02-20 |  110 |      13
    970 | 2014-02-14 |   60 |      16
    970 | 2014-02-20 |  125 |      16
    971 | 2014-02-17 |   81 |      15
    972 | 2014-02-09 |    3 |      16
    972 | 2014-02-16 |   74 |      16
    973 | 2014-02-15 |   57 |      18
    974 | 2014-02-27 |  177 |      16
    975 | 2014-02-24 |  151 |      14
    976 | 2014-02-18 |  104 |      14
    977 | 2014-02-27 |  169 |      17
    978 | 2014-02-27 |  191 |      18
    979 | 2014-02-11 |   23 |      17
    980 | 2014-02-27 |  184 |      18
    981 | 2014-02-13 |   47 |      16
    982 | 2014-02-13 |   43 |      15
    983 | 2014-02-17 |   71 |      14
    984 | 2014-02-21 |  118 |      18
    985 | 2014-02-22 |  117 |      16
    986 | 2014-02-20 |   94 |      16
    986 | 2014-02-22 |  122 |      16
    987 | 2014-02-24 |  133 |      14
    988 | 2014-02-19 |  112 |      17
    989 | 2014-02-10 |   15 |      16
    990 | 2014-02-09 |    6 |      19
    991 | 2014-02-13 |   45 |      15
    992 | 2014-02-14 |   50 |      15
    992 | 2014-02-26 |  159 |      15
    993 | 2014-02-26 |  169 |      15
    993 | 2014-02-25 |  154 |      15
    994 | 2014-02-14 |   51 |      16
    995 | 2014-02-18 |   87 |      15
    996 | 2014-02-19 |   89 |      14
    997 | 2014-02-27 |  169 |      17
    998 | 2014-02-14 |   49 |      13
    999 | 2014-02-21 |  127 |      14
(1322 rows)

