 userid | utctimestamp | tpos | length 
--------+--------------+------+--------
     18 | 2014-02-09   |    8 |      2
     21 | 2014-02-13   |   51 |      2
    111 | 2014-02-16   |   71 |      2
    137 | 2014-02-14   |   70 |      2
    244 | 2014-02-09   |   10 |      2
    275 | 2014-02-14   |   71 |      2
    337 | 2014-02-13   |   41 |      2
    495 | 2014-02-09   |    6 |      2
    613 | 2014-02-08   |    3 |      2
    695 | 2014-02-11   |   20 |      2
    705 | 2014-02-13   |   57 |      2
    844 | 2014-02-11   |   32 |      2
    866 | 2014-02-08   |    0 |      2
    878 | 2014-02-16   |   75 |      2
    911 | 2014-02-12   |   49 |      2
    977 | 2014-02-08   |    7 |      2
    993 | 2014-02-09   |    5 |      2
    994 | 2014-02-15   |   65 |      2
   1051 | 2014-02-09   |    5 |      2
   1064 | 2014-02-10   |   21 |      2
   1186 | 2014-02-12   |   42 |      2
   1213 | 2014-02-12   |   38 |      2
   1226 | 2014-02-16   |   72 |      2
   1232 | 2014-02-15   |   76 |      2
   1342 | 2014-02-17   |   72 |      2
   1399 | 2014-02-12   |   48 |      2
   1485 | 2014-02-09   |   12 |      2
   1502 | 2014-02-18   |  102 |      2
   1606 | 2014-02-13   |   45 |      2
   1616 | 2014-02-16   |   86 |      2
   1789 | 2014-02-18   |   91 |      2
   1794 | 2014-02-16   |   82 |      2
   1815 | 2014-02-12   |   49 |      2
   1859 | 2014-02-12   |   47 |      2
   1887 | 2014-02-15   |   57 |      2
   1902 | 2014-02-11   |   26 |      2
   1919 | 2014-02-13   |   44 |      2
   1964 | 2014-02-09   |   12 |      2
   1964 | 2014-02-17   |  101 |      2
   1972 | 2014-02-12   |   42 |      2
   2018 | 2014-02-11   |   39 |      2
   2091 | 2014-02-16   |   77 |      2
   2102 | 2014-02-09   |    6 |      2
   2132 | 2014-02-15   |   81 |      2
   2135 | 2014-02-08   |    4 |      2
   2136 | 2014-02-09   |   11 |      2
   2152 | 2014-02-13   |   52 |      2
   2157 | 2014-02-18   |   97 |      2
   2173 | 2014-02-12   |   49 |      2
   2254 | 2014-02-13   |   54 |      2
   2274 | 2014-02-18   |   89 |      2
   2313 | 2014-02-10   |   26 |      2
   2348 | 2014-02-12   |   37 |      2
   2410 | 2014-02-10   |   13 |      2
   2413 | 2014-02-11   |   24 |      2
   2452 | 2014-02-09   |    8 |      2
   2505 | 2014-02-13   |   43 |      2
   2517 | 2014-02-13   |   56 |      2
   2520 | 2014-02-13   |   40 |      2
   2527 | 2014-02-13   |   49 |      2
   2554 | 2014-02-12   |   43 |      2
   2590 | 2014-02-12   |   40 |      2
   2743 | 2014-02-09   |   21 |      2
   2804 | 2014-02-10   |   21 |      2
   2807 | 2014-02-14   |   57 |      2
   2843 | 2014-02-17   |   93 |      2
   3039 | 2014-02-12   |   42 |      2
   3081 | 2014-02-16   |   71 |      2
   3130 | 2014-02-16   |   88 |      2
   3358 | 2014-02-16   |   77 |      2
   3431 | 2014-02-09   |   10 |      2
   3433 | 2014-02-15   |   64 |      2
   3507 | 2014-02-16   |   94 |      2
   3511 | 2014-02-14   |   67 |      2
   3639 | 2014-02-08   |    1 |      2
   3644 | 2014-02-12   |   40 |      2
   3685 | 2014-02-08   |    0 |      2
   3709 | 2014-02-09   |    9 |      2
   3748 | 2014-02-09   |   11 |      2
   3792 | 2014-02-10   |   31 |      2
   3800 | 2014-02-14   |   64 |      2
   3824 | 2014-02-14   |   72 |      2
   3876 | 2014-02-13   |   48 |      2
   3902 | 2014-02-11   |   17 |      2
   3917 | 2014-02-16   |   81 |      2
   3955 | 2014-02-09   |   19 |      2
   3983 | 2014-02-16   |   82 |      2
   4080 | 2014-02-12   |   46 |      2
   4112 | 2014-02-08   |    3 |      2
   4112 | 2014-02-08   |    1 |      2
   4358 | 2014-02-15   |   84 |      2
   4410 | 2014-02-12   |   44 |      2
   4543 | 2014-02-15   |   71 |      2
   4546 | 2014-02-16   |   87 |      2
   4583 | 2014-02-08   |    1 |      2
   4603 | 2014-02-18   |  109 |      2
   4611 | 2014-02-16   |   90 |      2
   4692 | 2014-02-15   |   67 |      2
   4693 | 2014-02-15   |   78 |      2
   4703 | 2014-02-12   |   51 |      2
   4870 | 2014-02-12   |   39 |      2
   4974 | 2014-02-12   |   52 |      2
   4991 | 2014-02-15   |   84 |      2
   5001 | 2014-02-12   |   42 |      2
   5015 | 2014-02-16   |   54 |      2
   5087 | 2014-02-14   |   63 |      2
   5102 | 2014-02-09   |   16 |      2
   5184 | 2014-02-12   |   50 |      2
   5440 | 2014-02-13   |   62 |      2
   5448 | 2014-02-10   |   20 |      2
   5484 | 2014-02-18   |   90 |      2
   5565 | 2014-02-14   |   60 |      2
   5627 | 2014-02-15   |   65 |      2
   5658 | 2014-02-13   |   39 |      2
   5716 | 2014-02-16   |   68 |      2
   5764 | 2014-02-13   |   42 |      2
   5790 | 2014-02-17   |   94 |      2
   5825 | 2014-02-09   |    7 |      2
   5891 | 2014-02-14   |   53 |      2
   5918 | 2014-02-11   |   31 |      2
   5972 | 2014-02-17   |   86 |      2
   5980 | 2014-02-11   |   23 |      2
   6009 | 2014-02-12   |   34 |      2
   6052 | 2014-02-10   |   26 |      2
   6074 | 2014-02-15   |   74 |      2
   6095 | 2014-02-09   |    7 |      2
   6117 | 2014-02-12   |   48 |      2
   6143 | 2014-02-16   |   83 |      2
   6163 | 2014-02-12   |   33 |      2
   6178 | 2014-02-11   |   33 |      2
   6180 | 2014-02-15   |   75 |      2
   6263 | 2014-02-12   |   36 |      2
   6284 | 2014-02-15   |   68 |      2
   6296 | 2014-02-15   |   76 |      2
   6312 | 2014-02-17   |   81 |      2
   6327 | 2014-02-14   |   49 |      2
   6349 | 2014-02-13   |   57 |      2
   6483 | 2014-02-13   |   41 |      2
   6511 | 2014-02-11   |   20 |      2
   6515 | 2014-02-13   |   34 |      2
   6572 | 2014-02-09   |   14 |      2
   6575 | 2014-02-11   |   21 |      2
   6612 | 2014-02-13   |   56 |      2
   6647 | 2014-02-16   |   96 |      2
   6706 | 2014-02-13   |   62 |      2
   6723 | 2014-02-13   |   42 |      2
   6725 | 2014-02-10   |   17 |      2
   6788 | 2014-02-13   |   54 |      2
   6852 | 2014-02-10   |   26 |      2
   6873 | 2014-02-09   |   12 |      2
   6919 | 2014-02-15   |   60 |      2
   6972 | 2014-02-12   |   43 |      2
   6976 | 2014-02-15   |   67 |      2
   6991 | 2014-02-14   |   57 |      2
   6995 | 2014-02-08   |    4 |      2
   6998 | 2014-02-14   |   59 |      2
   7025 | 2014-02-13   |   50 |      2
   7054 | 2014-02-11   |   40 |      2
   7093 | 2014-02-18   |   96 |      2
   7093 | 2014-02-09   |   17 |      2
   7113 | 2014-02-13   |   53 |      2
   7146 | 2014-02-14   |   50 |      2
   7153 | 2014-02-08   |    0 |      2
   7211 | 2014-02-17   |   96 |      2
   7223 | 2014-02-17   |   87 |      2
   7225 | 2014-02-13   |   51 |      2
   7256 | 2014-02-10   |   15 |      2
   7287 | 2014-02-13   |   54 |      2
   7290 | 2014-02-15   |   62 |      2
   7305 | 2014-02-17   |  105 |      2
   7332 | 2014-02-09   |    9 |      2
   7352 | 2014-02-17   |   86 |      2
   7488 | 2014-02-15   |   65 |      2
   7496 | 2014-02-17   |   89 |      2
   7501 | 2014-02-12   |   52 |      2
   7537 | 2014-02-16   |   88 |      2
   7543 | 2014-02-14   |   64 |      2
   7639 | 2014-02-10   |   21 |      2
   7707 | 2014-02-12   |   38 |      2
   7717 | 2014-02-10   |   21 |      2
   7776 | 2014-02-18   |   93 |      2
   7807 | 2014-02-12   |   49 |      2
   7957 | 2014-02-09   |   16 |      2
   7959 | 2014-02-15   |   80 |      2
   7966 | 2014-02-11   |   32 |      2
   7996 | 2014-02-17   |   74 |      2
   8183 | 2014-02-16   |   98 |      2
   8251 | 2014-02-11   |   28 |      2
   8260 | 2014-02-16   |   96 |      2
   8341 | 2014-02-17   |   93 |      2
   8348 | 2014-02-16   |   86 |      2
   8400 | 2014-02-17   |   98 |      2
   8406 | 2014-02-13   |   43 |      2
   8430 | 2014-02-08   |    4 |      2
   8514 | 2014-02-14   |   56 |      2
   8545 | 2014-02-17   |  103 |      2
   8604 | 2014-02-16   |   83 |      2
   8606 | 2014-02-12   |   42 |      2
   8634 | 2014-02-08   |    0 |      2
   8702 | 2014-02-09   |   15 |      2
   8708 | 2014-02-17   |   75 |      2
   8728 | 2014-02-13   |   43 |      2
   8746 | 2014-02-17   |   97 |      2
   8746 | 2014-02-10   |   23 |      2
   8804 | 2014-02-12   |   36 |      2
   8987 | 2014-02-10   |   21 |      2
   8998 | 2014-02-13   |   45 |      2
   9046 | 2014-02-10   |   19 |      2
   9051 | 2014-02-15   |   68 |      2
   9079 | 2014-02-17   |  106 |      2
   9166 | 2014-02-13   |   51 |      2
   9305 | 2014-02-16   |   94 |      2
   9326 | 2014-02-11   |   44 |      2
   9355 | 2014-02-09   |   15 |      2
   9395 | 2014-02-11   |   28 |      2
   9395 | 2014-02-14   |   59 |      2
   9397 | 2014-02-13   |   68 |      2
   9426 | 2014-02-17   |   89 |      2
   9462 | 2014-02-11   |   34 |      2
   9513 | 2014-02-14   |   68 |      2
   9538 | 2014-02-17   |   79 |      2
   9550 | 2014-02-16   |   80 |      2
   9567 | 2014-02-13   |   64 |      2
   9569 | 2014-02-09   |   13 |      2
   9581 | 2014-02-12   |   31 |      2
   9638 | 2014-02-13   |   57 |      2
   9684 | 2014-02-15   |   71 |      2
   9714 | 2014-02-08   |    6 |      2
   9808 | 2014-02-16   |  103 |      2
   9879 | 2014-02-09   |   11 |      2
   9903 | 2014-02-14   |   64 |      2
   9974 | 2014-02-15   |   78 |      2
   9998 | 2014-02-17   |   71 |      2
     21 | 2014-02-13   |   50 |      3
     49 | 2014-02-08   |    2 |      3
     51 | 2014-02-09   |    9 |      3
     65 | 2014-02-12   |   36 |      3
     92 | 2014-02-09   |    9 |      3
    129 | 2014-02-09   |   16 |      3
    207 | 2014-02-10   |   21 |      3
    276 | 2014-02-08   |    1 |      3
    310 | 2014-02-14   |   44 |      3
    310 | 2014-02-10   |   11 |      3
    318 | 2014-02-10   |   17 |      3
    408 | 2014-02-17   |   90 |      3
    425 | 2014-02-09   |    9 |      3
    426 | 2014-02-15   |   81 |      3
    442 | 2014-02-14   |   63 |      3
    476 | 2014-02-17   |   95 |      3
    478 | 2014-02-13   |   59 |      3
    478 | 2014-02-11   |   36 |      3
    568 | 2014-02-16   |   75 |      3
    610 | 2014-02-16   |   80 |      3
    646 | 2014-02-14   |   50 |      3
    666 | 2014-02-10   |   11 |      3
    747 | 2014-02-10   |   12 |      3
    818 | 2014-02-14   |   60 |      3
    878 | 2014-02-16   |   75 |      3
    956 | 2014-02-11   |   25 |      3
    979 | 2014-02-10   |   20 |      3
   1003 | 2014-02-14   |   47 |      3
   1137 | 2014-02-12   |   37 |      3
   1141 | 2014-02-11   |   28 |      3
   1194 | 2014-02-10   |   18 |      3
   1232 | 2014-02-15   |   75 |      3
   1298 | 2014-02-14   |   67 |      3
   1347 | 2014-02-13   |   67 |      3
   1533 | 2014-02-18   |   91 |      3
   1647 | 2014-02-13   |   65 |      3
   1668 | 2014-02-15   |   75 |      3
   1770 | 2014-02-12   |   35 |      3
   1810 | 2014-02-10   |   13 |      3
   1830 | 2014-02-12   |   58 |      3
   1843 | 2014-02-12   |   38 |      3
   1940 | 2014-02-13   |   53 |      3
   1955 | 2014-02-15   |   50 |      3
   2004 | 2014-02-15   |   61 |      3
   2082 | 2014-02-16   |   79 |      3
   2095 | 2014-02-13   |   57 |      3
   2135 | 2014-02-08   |    3 |      3
   2180 | 2014-02-16   |   81 |      3
   2191 | 2014-02-13   |   48 |      3
   2244 | 2014-02-17   |   74 |      3
   2332 | 2014-02-14   |   70 |      3
   2383 | 2014-02-13   |   50 |      3
   2546 | 2014-02-13   |   46 |      3
   2556 | 2014-02-16   |   88 |      3
   2583 | 2014-02-13   |   55 |      3
   2629 | 2014-02-16   |   83 |      3
   2675 | 2014-02-17   |  110 |      3
   2748 | 2014-02-17   |  103 |      3
   2769 | 2014-02-13   |   59 |      3
   2805 | 2014-02-13   |   53 |      3
   2838 | 2014-02-18   |   98 |      3
   2940 | 2014-02-08   |    5 |      3
   2945 | 2014-02-16   |   83 |      3
   2999 | 2014-02-14   |   64 |      3
   3033 | 2014-02-10   |   23 |      3
   3034 | 2014-02-09   |    3 |      3
   3167 | 2014-02-13   |   61 |      3
   3176 | 2014-02-12   |   40 |      3
   3196 | 2014-02-18   |  112 |      3
   3354 | 2014-02-14   |   67 |      3
   3355 | 2014-02-15   |   77 |      3
   3395 | 2014-02-13   |   40 |      3
   3408 | 2014-02-15   |   67 |      3
   3438 | 2014-02-18   |   83 |      3
   3467 | 2014-02-09   |   15 |      3
   3469 | 2014-02-14   |   56 |      3
   3494 | 2014-02-09   |   10 |      3
   3514 | 2014-02-12   |   42 |      3
   3550 | 2014-02-18   |   99 |      3
   3616 | 2014-02-14   |   61 |      3
   3641 | 2014-02-17   |   91 |      3
   3723 | 2014-02-16   |   67 |      3
   3800 | 2014-02-08   |    1 |      3
   3827 | 2014-02-15   |   86 |      3
   3829 | 2014-02-14   |   61 |      3
   3882 | 2014-02-08   |    2 |      3
   3966 | 2014-02-14   |   68 |      3
   4001 | 2014-02-10   |   15 |      3
   4042 | 2014-02-12   |   45 |      3
   4062 | 2014-02-14   |   70 |      3
   4201 | 2014-02-12   |   49 |      3
   4247 | 2014-02-17   |   92 |      3
   4250 | 2014-02-12   |   35 |      3
   4265 | 2014-02-15   |   58 |      3
   4350 | 2014-02-14   |   61 |      3
   4399 | 2014-02-08   |    4 |      3
   4482 | 2014-02-13   |   54 |      3
   4499 | 2014-02-13   |   49 |      3
   4505 | 2014-02-15   |   83 |      3
   4665 | 2014-02-10   |   11 |      3
   4667 | 2014-02-13   |   56 |      3
   4692 | 2014-02-15   |   66 |      3
   4807 | 2014-02-12   |   46 |      3
   4811 | 2014-02-16   |   86 |      3
   4917 | 2014-02-18   |  107 |      3
   4958 | 2014-02-17   |   96 |      3
   4989 | 2014-02-13   |   55 |      3
   5044 | 2014-02-16   |   99 |      3
   5108 | 2014-02-09   |   18 |      3
   5140 | 2014-02-14   |   64 |      3
   5327 | 2014-02-16   |   87 |      3
   5402 | 2014-02-15   |   66 |      3
   5410 | 2014-02-14   |   47 |      3
   5484 | 2014-02-09   |   15 |      3
   5571 | 2014-02-13   |   43 |      3
   5605 | 2014-02-10   |   27 |      3
   5619 | 2014-02-11   |   40 |      3
   5745 | 2014-02-12   |   45 |      3
   5757 | 2014-02-13   |   47 |      3
   5847 | 2014-02-12   |   43 |      3
   5917 | 2014-02-09   |    6 |      3
   6040 | 2014-02-17   |   97 |      3
   6040 | 2014-02-15   |   71 |      3
   6103 | 2014-02-12   |   24 |      3
   6120 | 2014-02-13   |   55 |      3
   6123 | 2014-02-10   |   18 |      3
   6146 | 2014-02-15   |   67 |      3
   6147 | 2014-02-09   |    8 |      3
   6205 | 2014-02-12   |   33 |      3
   6210 | 2014-02-14   |   71 |      3
   6235 | 2014-02-13   |   47 |      3
   6319 | 2014-02-12   |   38 |      3
   6503 | 2014-02-11   |   31 |      3
   6523 | 2014-02-10   |   24 |      3
   6524 | 2014-02-13   |   54 |      3
   6531 | 2014-02-14   |   75 |      3
   6629 | 2014-02-09   |   12 |      3
   6642 | 2014-02-16   |   77 |      3
   6651 | 2014-02-18   |   87 |      3
   6724 | 2014-02-17   |   73 |      3
   6799 | 2014-02-17   |   93 |      3
   6847 | 2014-02-13   |   60 |      3
   6896 | 2014-02-11   |   32 |      3
   6966 | 2014-02-09   |    7 |      3
   6986 | 2014-02-15   |   69 |      3
   7091 | 2014-02-16   |   75 |      3
   7152 | 2014-02-14   |   64 |      3
   7183 | 2014-02-09   |    4 |      3
   7189 | 2014-02-10   |   17 |      3
   7218 | 2014-02-12   |   40 |      3
   7430 | 2014-02-10   |   19 |      3
   7430 | 2014-02-12   |   46 |      3
   7516 | 2014-02-09   |   10 |      3
   7568 | 2014-02-08   |    0 |      3
   7633 | 2014-02-17   |   86 |      3
   7668 | 2014-02-10   |   22 |      3
   7744 | 2014-02-12   |   32 |      3
   7779 | 2014-02-13   |   26 |      3
   7785 | 2014-02-18   |   99 |      3
   7823 | 2014-02-10   |   19 |      3
   7884 | 2014-02-11   |   25 |      3
   7889 | 2014-02-11   |   31 |      3
   7900 | 2014-02-17   |  107 |      3
   7944 | 2014-02-13   |   53 |      3
   7966 | 2014-02-11   |   31 |      3
   8029 | 2014-02-14   |   64 |      3
   8076 | 2014-02-12   |   40 |      3
   8250 | 2014-02-18   |  100 |      3
   8324 | 2014-02-13   |   57 |      3
   8340 | 2014-02-09   |    6 |      3
   8368 | 2014-02-12   |   37 |      3
   8384 | 2014-02-09   |   14 |      3
   8394 | 2014-02-09   |    7 |      3
   8401 | 2014-02-11   |   28 |      3
   8504 | 2014-02-12   |   38 |      3
   8593 | 2014-02-17   |  106 |      3
   8604 | 2014-02-15   |   68 |      3
   8610 | 2014-02-14   |   59 |      3
   8610 | 2014-02-16   |   76 |      3
   8717 | 2014-02-09   |    9 |      3
   8728 | 2014-02-13   |   43 |      3
   8797 | 2014-02-16   |   67 |      3
   8923 | 2014-02-12   |   36 |      3
   8949 | 2014-02-14   |   60 |      3
   8963 | 2014-02-13   |   57 |      3
   9065 | 2014-02-13   |   47 |      3
   9137 | 2014-02-08   |    1 |      3
   9146 | 2014-02-13   |   57 |      3
   9283 | 2014-02-11   |   31 |      3
   9285 | 2014-02-09   |   19 |      3
   9314 | 2014-02-12   |   45 |      3
   9376 | 2014-02-16   |   88 |      3
   9386 | 2014-02-14   |   51 |      3
   9388 | 2014-02-13   |   41 |      3
   9405 | 2014-02-16   |   75 |      3
   9418 | 2014-02-15   |   61 |      3
   9537 | 2014-02-13   |   41 |      3
   9544 | 2014-02-16   |   67 |      3
   9551 | 2014-02-08   |    0 |      3
   9559 | 2014-02-16   |   76 |      3
   9567 | 2014-02-13   |   63 |      3
   9591 | 2014-02-13   |   70 |      3
   9602 | 2014-02-16   |   66 |      3
   9613 | 2014-02-10   |   16 |      3
   9616 | 2014-02-09   |    2 |      3
   9674 | 2014-02-18   |   95 |      3
   9684 | 2014-02-17   |  103 |      3
   9693 | 2014-02-12   |   48 |      3
   9701 | 2014-02-17   |   93 |      3
   9795 | 2014-02-14   |   53 |      3
   9834 | 2014-02-17   |   86 |      3
   9936 | 2014-02-18   |  109 |      3
   9939 | 2014-02-10   |   15 |      3
     20 | 2014-02-12   |   47 |      4
    144 | 2014-02-09   |    5 |      4
    163 | 2014-02-12   |   28 |      4
    258 | 2014-02-14   |   54 |      4
    510 | 2014-02-12   |   34 |      4
    571 | 2014-02-09   |    7 |      4
    589 | 2014-02-17   |   87 |      4
    653 | 2014-02-10   |   30 |      4
    670 | 2014-02-14   |   66 |      4
    713 | 2014-02-13   |   48 |      4
    760 | 2014-02-12   |   33 |      4
    905 | 2014-02-15   |   75 |      4
    927 | 2014-02-14   |   72 |      4
    965 | 2014-02-16   |   68 |      4
    979 | 2014-02-10   |   20 |      4
   1023 | 2014-02-12   |   44 |      4
   1044 | 2014-02-16   |   90 |      4
   1058 | 2014-02-11   |   32 |      4
   1143 | 2014-02-16   |   79 |      4
   1221 | 2014-02-12   |   40 |      4
   1224 | 2014-02-18   |   75 |      4
   1289 | 2014-02-09   |    1 |      4
   1374 | 2014-02-09   |    8 |      4
   1399 | 2014-02-12   |   46 |      4
   1441 | 2014-02-11   |   37 |      4
   1605 | 2014-02-13   |   50 |      4
   1667 | 2014-02-11   |   29 |      4
   1738 | 2014-02-10   |   15 |      4
   1779 | 2014-02-10   |   21 |      4
   1803 | 2014-02-15   |   69 |      4
   1811 | 2014-02-15   |   81 |      4
   1814 | 2014-02-12   |   32 |      4
   1831 | 2014-02-10   |   25 |      4
   1955 | 2014-02-15   |   50 |      4
   2071 | 2014-02-08   |    2 |      4
   2118 | 2014-02-09   |    7 |      4
   2213 | 2014-02-12   |   38 |      4
   2271 | 2014-02-11   |   20 |      4
   2378 | 2014-02-11   |   34 |      4
   2448 | 2014-02-12   |   32 |      4
   2475 | 2014-02-13   |   49 |      4
   2531 | 2014-02-16   |   79 |      4
   2609 | 2014-02-15   |   79 |      4
   2612 | 2014-02-17   |   88 |      4
   2667 | 2014-02-15   |   75 |      4
   2750 | 2014-02-17   |   90 |      4
   2967 | 2014-02-16   |   72 |      4
   2989 | 2014-02-14   |   65 |      4
   2994 | 2014-02-13   |   59 |      4
   3155 | 2014-02-12   |   47 |      4
   3229 | 2014-02-15   |   85 |      4
   3323 | 2014-02-14   |   55 |      4
   3380 | 2014-02-17   |   91 |      4
   3460 | 2014-02-10   |   20 |      4
   3476 | 2014-02-17   |   89 |      4
   3530 | 2014-02-10   |   24 |      4
   3646 | 2014-02-13   |   55 |      4
   3939 | 2014-02-13   |   52 |      4
   4112 | 2014-02-08   |    1 |      4
   4125 | 2014-02-18   |  120 |      4
   4229 | 2014-02-16   |   81 |      4
   4304 | 2014-02-17   |  100 |      4
   4310 | 2014-02-11   |   40 |      4
   4344 | 2014-02-11   |   33 |      4
   4523 | 2014-02-11   |   29 |      4
   4629 | 2014-02-12   |   39 |      4
   4680 | 2014-02-13   |   40 |      4
   4772 | 2014-02-12   |   36 |      4
   4801 | 2014-02-12   |   39 |      4
   4876 | 2014-02-13   |   56 |      4
   4963 | 2014-02-17   |   81 |      4
   4989 | 2014-02-13   |   55 |      4
   5001 | 2014-02-12   |   40 |      4
   5056 | 2014-02-16   |   87 |      4
   5163 | 2014-02-11   |   36 |      4
   5227 | 2014-02-16   |   81 |      4
   5312 | 2014-02-10   |   21 |      4
   5322 | 2014-02-17   |   97 |      4
   5372 | 2014-02-16   |   81 |      4
   5402 | 2014-02-15   |   65 |      4
   5409 | 2014-02-09   |    7 |      4
   5598 | 2014-02-08   |    2 |      4
   5654 | 2014-02-17   |   80 |      4
   5699 | 2014-02-16   |   84 |      4
   5829 | 2014-02-11   |   19 |      4
   5872 | 2014-02-09   |    4 |      4
   5945 | 2014-02-14   |   50 |      4
   5982 | 2014-02-17   |   83 |      4
   6057 | 2014-02-15   |   65 |      4
   6227 | 2014-02-14   |   66 |      4
   6246 | 2014-02-12   |   34 |      4
   6381 | 2014-02-12   |   41 |      4
   6404 | 2014-02-17   |  100 |      4
   6429 | 2014-02-10   |   22 |      4
   6485 | 2014-02-10   |   28 |      4
   6503 | 2014-02-12   |   36 |      4
   6509 | 2014-02-15   |   63 |      4
   6575 | 2014-02-11   |   19 |      4
   6706 | 2014-02-13   |   60 |      4
   6788 | 2014-02-11   |   34 |      4
   6880 | 2014-02-14   |   60 |      4
   6888 | 2014-02-12   |   49 |      4
   6910 | 2014-02-13   |   48 |      4
   6951 | 2014-02-11   |   34 |      4
   6967 | 2014-02-11   |   33 |      4
   7152 | 2014-02-14   |   63 |      4
   7239 | 2014-02-17   |  100 |      4
   7280 | 2014-02-15   |   77 |      4
   7531 | 2014-02-12   |   45 |      4
   7551 | 2014-02-10   |   21 |      4
   7570 | 2014-02-08   |    1 |      4
   7633 | 2014-02-17   |   85 |      4
   7655 | 2014-02-17   |   75 |      4
   7884 | 2014-02-11   |   24 |      4
   7889 | 2014-02-11   |   30 |      4
   7921 | 2014-02-14   |   58 |      4
   7983 | 2014-02-12   |   42 |      4
   8165 | 2014-02-14   |   58 |      4
   8262 | 2014-02-10   |   16 |      4
   8341 | 2014-02-17   |   91 |      4
   8348 | 2014-02-16   |   84 |      4
   8363 | 2014-02-09   |   10 |      4
   8385 | 2014-02-16   |   74 |      4
   8468 | 2014-02-09   |   10 |      4
   8540 | 2014-02-16   |   69 |      4
   8566 | 2014-02-09   |   18 |      4
   8572 | 2014-02-17   |   84 |      4
   8578 | 2014-02-17   |   85 |      4
   8702 | 2014-02-09   |   13 |      4
   8715 | 2014-02-18   |  107 |      4
   8739 | 2014-02-17   |   97 |      4
   8746 | 2014-02-17   |   97 |      4
   8922 | 2014-02-09   |    6 |      4
   8987 | 2014-02-10   |   19 |      4
   9002 | 2014-02-09   |    5 |      4
   9146 | 2014-02-13   |   56 |      4
   9176 | 2014-02-10   |   30 |      4
   9189 | 2014-02-13   |   54 |      4
   9263 | 2014-02-10   |   20 |      4
   9548 | 2014-02-17   |   94 |      4
   9569 | 2014-02-09   |   11 |      4
   9785 | 2014-02-13   |   52 |      4
   9903 | 2014-02-17   |  103 |      4
   9922 | 2014-02-11   |   20 |      4
   9929 | 2014-02-16   |   71 |      4
   9969 | 2014-02-18   |   86 |      4
   9978 | 2014-02-17   |  108 |      4
     22 | 2014-02-16   |   91 |      5
     51 | 2014-02-09   |    7 |      5
    370 | 2014-02-10   |   18 |      5
    374 | 2014-02-13   |   46 |      5
    397 | 2014-02-12   |   31 |      5
    414 | 2014-02-14   |   67 |      5
    586 | 2014-02-08   |    1 |      5
    590 | 2014-02-09   |    4 |      5
    608 | 2014-02-17   |   67 |      5
    773 | 2014-02-16   |   67 |      5
    793 | 2014-02-08   |    2 |      5
    806 | 2014-02-11   |   32 |      5
    997 | 2014-02-10   |   18 |      5
   1127 | 2014-02-12   |   44 |      5
   1137 | 2014-02-12   |   35 |      5
   1193 | 2014-02-15   |   61 |      5
   1203 | 2014-02-14   |   59 |      5
   1240 | 2014-02-11   |   21 |      5
   1328 | 2014-02-12   |   45 |      5
   1647 | 2014-02-11   |   31 |      5
   1818 | 2014-02-15   |   64 |      5
   1818 | 2014-02-17   |   83 |      5
   1925 | 2014-02-13   |   55 |      5
   1945 | 2014-02-17   |   89 |      5
   2071 | 2014-02-08   |    1 |      5
   2082 | 2014-02-16   |   77 |      5
   2098 | 2014-02-15   |   66 |      5
   2124 | 2014-02-09   |   10 |      5
   2136 | 2014-02-09   |    8 |      5
   2156 | 2014-02-08   |    3 |      5
   2243 | 2014-02-13   |   50 |      5
   2277 | 2014-02-10   |   13 |      5
   2284 | 2014-02-14   |   64 |      5
   2383 | 2014-02-13   |   48 |      5
   2529 | 2014-02-11   |   36 |      5
   2609 | 2014-02-15   |   78 |      5
   2640 | 2014-02-12   |   41 |      5
   2748 | 2014-02-17   |  101 |      5
   2853 | 2014-02-14   |   54 |      5
   2928 | 2014-02-14   |   62 |      5
   2970 | 2014-02-18   |  118 |      5
   2976 | 2014-02-14   |   68 |      5
   3072 | 2014-02-11   |   38 |      5
   3145 | 2014-02-14   |   57 |      5
   3222 | 2014-02-11   |   26 |      5
   3224 | 2014-02-09   |   12 |      5
   3393 | 2014-02-11   |   37 |      5
   3494 | 2014-02-10   |   16 |      5
   3579 | 2014-02-12   |   40 |      5
   3597 | 2014-02-11   |   20 |      5
   3788 | 2014-02-11   |   27 |      5
   3823 | 2014-02-10   |   28 |      5
   3823 | 2014-02-09   |   14 |      5
   3923 | 2014-02-11   |   29 |      5
   3964 | 2014-02-09   |    9 |      5
   3997 | 2014-02-08   |    0 |      5
   4026 | 2014-02-09   |   12 |      5
   4027 | 2014-02-15   |   85 |      5
   4049 | 2014-02-16   |   88 |      5
   4107 | 2014-02-15   |   50 |      5
   4250 | 2014-02-14   |   48 |      5
   4257 | 2014-02-11   |   32 |      5
   4329 | 2014-02-13   |   53 |      5
   4361 | 2014-02-10   |   23 |      5
   4549 | 2014-02-11   |   25 |      5
   4595 | 2014-02-12   |   31 |      5
   4985 | 2014-02-10   |   20 |      5
   5025 | 2014-02-09   |   13 |      5
   5061 | 2014-02-09   |    7 |      5
   5151 | 2014-02-14   |   79 |      5
   5190 | 2014-02-09   |   13 |      5
   5227 | 2014-02-16   |   80 |      5
   5246 | 2014-02-10   |   22 |      5
   5276 | 2014-02-09   |   14 |      5
   5293 | 2014-02-12   |   29 |      5
   5309 | 2014-02-13   |   45 |      5
   5455 | 2014-02-13   |   63 |      5
   5537 | 2014-02-16   |   67 |      5
   5554 | 2014-02-16   |   85 |      5
   5594 | 2014-02-13   |   56 |      5
   5691 | 2014-02-09   |   14 |      5
   5696 | 2014-02-15   |   76 |      5
   5700 | 2014-02-13   |   47 |      5
   5769 | 2014-02-12   |   36 |      5
   5832 | 2014-02-17   |   91 |      5
   5846 | 2014-02-10   |   31 |      5
   5877 | 2014-02-09   |    9 |      5
   5889 | 2014-02-16   |   76 |      5
   6074 | 2014-02-15   |   71 |      5
   6267 | 2014-02-13   |   54 |      5
   6343 | 2014-02-12   |   29 |      5
   6355 | 2014-02-15   |   74 |      5
   6436 | 2014-02-14   |   61 |      5
   6440 | 2014-02-13   |   47 |      5
   6556 | 2014-02-13   |   49 |      5
   6579 | 2014-02-10   |   20 |      5
   6586 | 2014-02-09   |   11 |      5
   6591 | 2014-02-10   |   18 |      5
   6607 | 2014-02-11   |   21 |      5
   6706 | 2014-02-16   |   90 |      5
   6706 | 2014-02-13   |   59 |      5
   6749 | 2014-02-14   |   54 |      5
   6836 | 2014-02-17   |   89 |      5
   6953 | 2014-02-11   |   25 |      5
   7130 | 2014-02-13   |   41 |      5
   7319 | 2014-02-15   |   69 |      5
   7325 | 2014-02-10   |   15 |      5
   7384 | 2014-02-16   |   75 |      5
   7391 | 2014-02-12   |   40 |      5
   7402 | 2014-02-16   |   70 |      5
   7404 | 2014-02-16   |   85 |      5
   7503 | 2014-02-12   |   36 |      5
   7607 | 2014-02-16   |   81 |      5
   7760 | 2014-02-16   |   81 |      5
   7836 | 2014-02-11   |   27 |      5
   7956 | 2014-02-12   |   37 |      5
   8012 | 2014-02-08   |    3 |      5
   8029 | 2014-02-14   |   62 |      5
   8050 | 2014-02-11   |   30 |      5
   8077 | 2014-02-11   |   28 |      5
   8083 | 2014-02-12   |   43 |      5
   8185 | 2014-02-16   |   75 |      5
   8218 | 2014-02-11   |   32 |      5
   8232 | 2014-02-15   |   62 |      5
   8294 | 2014-02-14   |   59 |      5
   8324 | 2014-02-13   |   55 |      5
   8334 | 2014-02-13   |   41 |      5
   8455 | 2014-02-13   |   47 |      5
   8490 | 2014-02-15   |   70 |      5
   8509 | 2014-02-10   |   19 |      5
   8611 | 2014-02-11   |   21 |      5
   8636 | 2014-02-13   |   39 |      5
   8671 | 2014-02-13   |   46 |      5
   8694 | 2014-02-16   |   84 |      5
   8709 | 2014-02-11   |   36 |      5
   8730 | 2014-02-11   |   36 |      5
   8762 | 2014-02-15   |   77 |      5
   8775 | 2014-02-16   |   76 |      5
   8798 | 2014-02-12   |   38 |      5
   8920 | 2014-02-12   |   53 |      5
   9117 | 2014-02-08   |    0 |      5
   9131 | 2014-02-14   |   51 |      5
   9185 | 2014-02-16   |   86 |      5
   9234 | 2014-02-15   |   78 |      5
   9237 | 2014-02-11   |   25 |      5
   9264 | 2014-02-12   |   52 |      5
   9266 | 2014-02-15   |   74 |      5
   9506 | 2014-02-15   |   64 |      5
   9633 | 2014-02-14   |   51 |      5
   9653 | 2014-02-10   |   24 |      5
   9739 | 2014-02-17   |  115 |      5
   9801 | 2014-02-13   |   49 |      5
   9823 | 2014-02-15   |   67 |      5
   9889 | 2014-02-16   |   92 |      5
   9890 | 2014-02-11   |   26 |      5
   9910 | 2014-02-13   |   48 |      5
   9946 | 2014-02-16   |   73 |      5
     27 | 2014-02-10   |   13 |      6
     88 | 2014-02-09   |    8 |      6
    137 | 2014-02-17   |  101 |      6
    238 | 2014-02-09   |   15 |      6
    397 | 2014-02-12   |   31 |      6
    414 | 2014-02-14   |   67 |      6
    590 | 2014-02-09   |    3 |      6
    651 | 2014-02-14   |   58 |      6
    844 | 2014-02-11   |   28 |      6
    857 | 2014-02-11   |   26 |      6
    867 | 2014-02-13   |   60 |      6
   1071 | 2014-02-09   |    9 |      6
   1143 | 2014-02-16   |   77 |      6
   1190 | 2014-02-12   |   35 |      6
   1194 | 2014-02-10   |   15 |      6
   1221 | 2014-02-12   |   38 |      6
   1589 | 2014-02-11   |   33 |      6
   1725 | 2014-02-14   |   49 |      6
   1760 | 2014-02-15   |   57 |      6
   1831 | 2014-02-10   |   25 |      6
   1945 | 2014-02-17   |   89 |      6
   2018 | 2014-02-11   |   35 |      6
   2124 | 2014-02-09   |    9 |      6
   2132 | 2014-02-15   |   77 |      6
   2252 | 2014-02-10   |   15 |      6
   2378 | 2014-02-11   |   34 |      6
   2549 | 2014-02-13   |   50 |      6
   2555 | 2014-02-17   |   88 |      6
   2603 | 2014-02-16   |   82 |      6
   2691 | 2014-02-14   |   45 |      6
   2692 | 2014-02-16   |   86 |      6
   2854 | 2014-02-12   |   43 |      6
   2894 | 2014-02-14   |   62 |      6
   2906 | 2014-02-08   |    5 |      6
   3145 | 2014-02-14   |   57 |      6
   3172 | 2014-02-15   |   61 |      6
   3182 | 2014-02-15   |   80 |      6
   3256 | 2014-02-17   |   74 |      6
   3394 | 2014-02-17   |   86 |      6
   3395 | 2014-02-15   |   55 |      6
   3432 | 2014-02-14   |   57 |      6
   3800 | 2014-02-14   |   60 |      6
   3813 | 2014-02-12   |   40 |      6
   3828 | 2014-02-09   |    4 |      6
   3838 | 2014-02-16   |   61 |      6
   3870 | 2014-02-13   |   56 |      6
   3902 | 2014-02-17   |   71 |      6
   4001 | 2014-02-10   |   12 |      6
   4049 | 2014-02-16   |   88 |      6
   4131 | 2014-02-12   |   32 |      6
   4174 | 2014-02-13   |   39 |      6
   4288 | 2014-02-10   |   15 |      6
   4361 | 2014-02-10   |   22 |      6
   4365 | 2014-02-14   |   64 |      6
   4511 | 2014-02-09   |    4 |      6
   4514 | 2014-02-12   |   42 |      6
   4527 | 2014-02-15   |   62 |      6
   4611 | 2014-02-16   |   90 |      6
   4683 | 2014-02-09   |   12 |      6
   4804 | 2014-02-10   |   23 |      6
   4832 | 2014-02-10   |   18 |      6
   4965 | 2014-02-11   |   33 |      6
   5050 | 2014-02-17   |   76 |      6
   5080 | 2014-02-10   |   11 |      6
   5202 | 2014-02-11   |   22 |      6
   5259 | 2014-02-11   |   30 |      6
   5405 | 2014-02-10   |   18 |      6
   5598 | 2014-02-08   |    0 |      6
   5654 | 2014-02-17   |   85 |      6
   5716 | 2014-02-16   |   64 |      6
   5790 | 2014-02-17   |   90 |      6
   6085 | 2014-02-10   |   18 |      6
   6139 | 2014-02-10   |   13 |      6
   6156 | 2014-02-15   |   75 |      6
   6159 | 2014-02-16   |   88 |      6
   6174 | 2014-02-10   |   25 |      6
   6189 | 2014-02-13   |   53 |      6
   6195 | 2014-02-13   |   40 |      6
   6310 | 2014-02-09   |    6 |      6
   6402 | 2014-02-13   |   50 |      6
   6607 | 2014-02-11   |   20 |      6
   6827 | 2014-02-08   |    1 |      6
   7081 | 2014-02-14   |   51 |      6
   7289 | 2014-02-17   |   73 |      6
   7349 | 2014-02-17   |   80 |      6
   7480 | 2014-02-13   |   67 |      6
   7584 | 2014-02-14   |   70 |      6
   7668 | 2014-02-10   |   19 |      6
   7771 | 2014-02-13   |   51 |      6
   7802 | 2014-02-14   |   44 |      6
   7831 | 2014-02-13   |   57 |      6
   7867 | 2014-02-10   |   13 |      6
   7867 | 2014-02-16   |   73 |      6
   7976 | 2014-02-15   |   64 |      6
   7985 | 2014-02-16   |   74 |      6
   7996 | 2014-02-17   |   70 |      6
   8015 | 2014-02-09   |    8 |      6
   8183 | 2014-02-12   |   45 |      6
   8363 | 2014-02-09   |    8 |      6
   8455 | 2014-02-13   |   47 |      6
   8509 | 2014-02-17   |   85 |      6
   8610 | 2014-02-12   |   40 |      6
   8652 | 2014-02-14   |   54 |      6
   8653 | 2014-02-17   |   78 |      6
   8775 | 2014-02-16   |   75 |      6
   8798 | 2014-02-12   |   37 |      6
   8907 | 2014-02-17   |   83 |      6
   8983 | 2014-02-12   |   49 |      6
   9003 | 2014-02-16   |   75 |      6
   9179 | 2014-02-13   |   44 |      6
   9187 | 2014-02-10   |   24 |      6
   9203 | 2014-02-12   |   30 |      6
   9210 | 2014-02-15   |   58 |      6
   9313 | 2014-02-08   |    0 |      6
   9453 | 2014-02-12   |   43 |      6
   9455 | 2014-02-09   |    7 |      6
   9518 | 2014-02-09   |   16 |      6
   9569 | 2014-02-09   |    9 |      6
   9616 | 2014-02-15   |   61 |      6
   9634 | 2014-02-12   |   47 |      6
   9638 | 2014-02-13   |   53 |      6
   9975 | 2014-02-15   |   67 |      6
     68 | 2014-02-11   |   30 |      7
     94 | 2014-02-17   |   83 |      7
    205 | 2014-02-15   |   80 |      7
    275 | 2014-02-14   |   66 |      7
    342 | 2014-02-16   |   71 |      7
    442 | 2014-02-14   |   63 |      7
    507 | 2014-02-12   |   43 |      7
    572 | 2014-02-12   |   40 |      7
    672 | 2014-02-11   |   20 |      7
    818 | 2014-02-14   |   60 |      7
    873 | 2014-02-10   |   19 |      7
    897 | 2014-02-13   |   50 |      7
    930 | 2014-02-15   |   59 |      7
   1104 | 2014-02-16   |   64 |      7
   1224 | 2014-02-17   |   63 |      7
   1250 | 2014-02-11   |   19 |      7
   1461 | 2014-02-10   |   16 |      7
   1547 | 2014-02-12   |   27 |      7
   1550 | 2014-02-12   |   48 |      7
   1574 | 2014-02-12   |   21 |      7
   2036 | 2014-02-12   |   41 |      7
   2050 | 2014-02-14   |   53 |      7
   2062 | 2014-02-15   |   61 |      7
   2130 | 2014-02-13   |   59 |      7
   2383 | 2014-02-13   |   50 |      7
   2505 | 2014-02-13   |   38 |      7
   2531 | 2014-02-12   |   39 |      7
   2590 | 2014-02-15   |   71 |      7
   2663 | 2014-02-11   |   25 |      7
   2689 | 2014-02-11   |   18 |      7
   2854 | 2014-02-12   |   42 |      7
   3317 | 2014-02-09   |   12 |      7
   3628 | 2014-02-12   |   44 |      7
   3675 | 2014-02-11   |   24 |      7
   3691 | 2014-02-13   |   44 |      7
   3835 | 2014-02-16   |   82 |      7
   3837 | 2014-02-12   |   42 |      7
   3956 | 2014-02-09   |   15 |      7
   3976 | 2014-02-15   |   62 |      7
   4042 | 2014-02-12   |   45 |      7
   4087 | 2014-02-17   |   83 |      7
   4122 | 2014-02-14   |   55 |      7
   4329 | 2014-02-13   |   51 |      7
   4404 | 2014-02-09   |    7 |      7
   4457 | 2014-02-14   |   57 |      7
   4520 | 2014-02-09   |    6 |      7
   4693 | 2014-02-09   |   11 |      7
   4789 | 2014-02-16   |   70 |      7
   4832 | 2014-02-11   |   37 |      7
   4848 | 2014-02-17   |   85 |      7
   4939 | 2014-02-11   |   31 |      7
   5031 | 2014-02-11   |   34 |      7
   5063 | 2014-02-10   |   17 |      7
   5233 | 2014-02-09   |    5 |      7
   5259 | 2014-02-11   |   30 |      7
   5351 | 2014-02-16   |   79 |      7
   6162 | 2014-02-12   |   48 |      7
   6249 | 2014-02-17   |   94 |      7
   6451 | 2014-02-16   |   68 |      7
   6477 | 2014-02-09   |   12 |      7
   6480 | 2014-02-13   |   53 |      7
   6786 | 2014-02-13   |   47 |      7
   6793 | 2014-02-14   |   64 |      7
   6927 | 2014-02-14   |   63 |      7
   6948 | 2014-02-14   |   63 |      7
   6994 | 2014-02-16   |   85 |      7
   7144 | 2014-02-08   |    1 |      7
   7334 | 2014-02-14   |   50 |      7
   7356 | 2014-02-13   |   53 |      7
   7430 | 2014-02-10   |   15 |      7
   7537 | 2014-02-16   |   88 |      7
   7643 | 2014-02-17   |   97 |      7
   7680 | 2014-02-10   |   22 |      7
   7809 | 2014-02-11   |   25 |      7
   7882 | 2014-02-11   |   38 |      7
   7925 | 2014-02-11   |   29 |      7
   8187 | 2014-02-11   |   26 |      7
   8330 | 2014-02-13   |   39 |      7
   8388 | 2014-02-10   |   22 |      7
   8402 | 2014-02-10   |   21 |      7
   8623 | 2014-02-10   |   14 |      7
   8775 | 2014-02-16   |   74 |      7
   8807 | 2014-02-13   |   47 |      7
   9179 | 2014-02-13   |   44 |      7
   9321 | 2014-02-15   |   67 |      7
   9671 | 2014-02-11   |   24 |      7
   9971 | 2014-02-17   |  100 |      7
     10 | 2014-02-12   |   40 |      8
    370 | 2014-02-10   |   15 |      8
    506 | 2014-02-14   |   57 |      8
    735 | 2014-02-16   |   76 |      8
   1071 | 2014-02-09   |    7 |      8
   1217 | 2014-02-10   |   17 |      8
   1295 | 2014-02-14   |   54 |      8
   1485 | 2014-02-09   |    6 |      8
   1577 | 2014-02-11   |   42 |      8
   1636 | 2014-02-16   |   84 |      8
   1791 | 2014-02-13   |   42 |      8
   1978 | 2014-02-17   |   92 |      8
   2402 | 2014-02-09   |    7 |      8
   2624 | 2014-02-12   |   40 |      8
   2669 | 2014-02-13   |   44 |      8
   2740 | 2014-02-16   |   74 |      8
   2762 | 2014-02-15   |   54 |      8
   2853 | 2014-02-14   |   51 |      8
   3125 | 2014-02-11   |   32 |      8
   3493 | 2014-02-15   |   55 |      8
   3610 | 2014-02-14   |   55 |      8
   3656 | 2014-02-14   |   54 |      8
   3825 | 2014-02-17   |   59 |      8
   3853 | 2014-02-10   |   16 |      8
   3887 | 2014-02-14   |   69 |      8
   4029 | 2014-02-09   |    2 |      8
   4329 | 2014-02-16   |   83 |      8
   4395 | 2014-02-11   |   23 |      8
   4592 | 2014-02-16   |   65 |      8
   4773 | 2014-02-09   |   13 |      8
   4926 | 2014-02-09   |    9 |      8
   4939 | 2014-02-11   |   31 |      8
   5031 | 2014-02-11   |   33 |      8
   5621 | 2014-02-16   |   93 |      8
   5891 | 2014-02-13   |   37 |      8
   6171 | 2014-02-13   |   39 |      8
   6284 | 2014-02-15   |   68 |      8
   6695 | 2014-02-12   |   33 |      8
   6880 | 2014-02-14   |   60 |      8
   7035 | 2014-02-09   |    7 |      8
   7146 | 2014-02-16   |   80 |      8
   7168 | 2014-02-13   |   50 |      8
   7289 | 2014-02-17   |   71 |      8
   7415 | 2014-02-12   |   38 |      8
   7418 | 2014-02-10   |   21 |      8
   7439 | 2014-02-15   |   85 |      8
   7915 | 2014-02-17   |   91 |      8
   8178 | 2014-02-12   |   42 |      8
   8270 | 2014-02-09   |    9 |      8
   8513 | 2014-02-15   |   72 |      8
   8536 | 2014-02-09   |   12 |      8
   8566 | 2014-02-09   |   14 |      8
   8697 | 2014-02-12   |   34 |      8
   8763 | 2014-02-14   |   75 |      8
   8794 | 2014-02-10   |   17 |      8
   8801 | 2014-02-15   |   59 |      8
   8826 | 2014-02-14   |   51 |      8
   8914 | 2014-02-16   |   99 |      8
   9006 | 2014-02-16   |   78 |      8
   9157 | 2014-02-11   |   37 |      8
   9470 | 2014-02-15   |   85 |      8
   9559 | 2014-02-16   |   71 |      8
   9642 | 2014-02-13   |   43 |      8
   9653 | 2014-02-10   |   21 |      8
   9666 | 2014-02-16   |   69 |      8
   9789 | 2014-02-08   |    0 |      8
   9803 | 2014-02-11   |   24 |      8
   9921 | 2014-02-12   |   35 |      8
     16 | 2014-02-16   |   84 |      9
    342 | 2014-02-16   |   69 |      9
    568 | 2014-02-16   |   69 |      9
    719 | 2014-02-17   |   67 |      9
   1071 | 2014-02-09   |    6 |      9
   1127 | 2014-02-12   |   40 |      9
   1169 | 2014-02-17   |   91 |      9
   1214 | 2014-02-11   |   24 |      9
   1412 | 2014-02-12   |   48 |      9
   1868 | 2014-02-08   |    0 |      9
   2113 | 2014-02-16   |   91 |      9
   2146 | 2014-02-12   |   40 |      9
   2351 | 2014-02-10   |   18 |      9
   2383 | 2014-02-13   |   48 |      9
   2402 | 2014-02-09   |    7 |      9
   2579 | 2014-02-13   |   55 |      9
   3116 | 2014-02-12   |   44 |      9
   3361 | 2014-02-12   |   41 |      9
   3663 | 2014-02-09   |    9 |      9
   3962 | 2014-02-16   |   71 |      9
   4148 | 2014-02-09   |    7 |      9
   4446 | 2014-02-11   |   20 |      9
   4457 | 2014-02-11   |   27 |      9
   4461 | 2014-02-13   |   47 |      9
   4531 | 2014-02-09   |    6 |      9
   4563 | 2014-02-11   |   32 |      9
   4592 | 2014-02-16   |   65 |      9
   5032 | 2014-02-11   |   29 |      9
   5052 | 2014-02-12   |   39 |      9
   5303 | 2014-02-15   |   69 |      9
   5673 | 2014-02-11   |   24 |      9
   6189 | 2014-02-13   |   50 |      9
   6257 | 2014-02-16   |   83 |      9
   6477 | 2014-02-09   |   10 |      9
   6515 | 2014-02-13   |   34 |      9
   6738 | 2014-02-14   |   52 |      9
   7181 | 2014-02-10   |   19 |      9
   7182 | 2014-02-08   |    1 |      9
   7535 | 2014-02-15   |   65 |      9
   7633 | 2014-02-17   |   80 |      9
   7680 | 2014-02-10   |   20 |      9
   7729 | 2014-02-17   |   89 |      9
   7954 | 2014-02-14   |   75 |      9
   8007 | 2014-02-16   |   77 |      9
   8091 | 2014-02-10   |   22 |      9
   8178 | 2014-02-12   |   41 |      9
   8183 | 2014-02-16   |   91 |      9
   8230 | 2014-02-16   |   72 |      9
   8575 | 2014-02-10   |   19 |      9
   8801 | 2014-02-15   |   59 |      9
   8819 | 2014-02-14   |   44 |      9
   8918 | 2014-02-09   |   10 |      9
   9266 | 2014-02-15   |   70 |      9
   9342 | 2014-02-17   |   99 |      9
   9524 | 2014-02-12   |   45 |      9
   9594 | 2014-02-17   |   95 |      9
   9657 | 2014-02-15   |   70 |      9
   9732 | 2014-02-17   |   88 |      9
   9775 | 2014-02-17   |  104 |      9
   9786 | 2014-02-12   |   41 |      9
     16 | 2014-02-16   |   84 |     10
     80 | 2014-02-10   |   11 |     10
    836 | 2014-02-14   |   50 |     10
    983 | 2014-02-14   |   56 |     10
   1001 | 2014-02-13   |   53 |     10
   1494 | 2014-02-15   |   71 |     10
   1548 | 2014-02-10   |   24 |     10
   1693 | 2014-02-16   |   70 |     10
   1760 | 2014-02-15   |   53 |     10
   1917 | 2014-02-15   |   61 |     10
   2036 | 2014-02-12   |   38 |     10
   2107 | 2014-02-16   |   72 |     10
   2325 | 2014-02-12   |   33 |     10
   2555 | 2014-02-14   |   55 |     10
   2634 | 2014-02-13   |   38 |     10
   3049 | 2014-02-08   |    0 |     10
   3494 | 2014-02-10   |   16 |     10
   4041 | 2014-02-15   |   60 |     10
   4130 | 2014-02-15   |   69 |     10
   4592 | 2014-02-16   |   63 |     10
   4592 | 2014-02-16   |   65 |     10
   4629 | 2014-02-12   |   39 |     10
   4840 | 2014-02-10   |   19 |     10
   5007 | 2014-02-13   |   55 |     10
   5031 | 2014-02-11   |   31 |     10
   5135 | 2014-02-12   |   45 |     10
   5310 | 2014-02-17   |   95 |     10
   5352 | 2014-02-12   |   33 |     10
   6114 | 2014-02-09   |   11 |     10
   8383 | 2014-02-13   |   48 |     10
   8433 | 2014-02-13   |   26 |     10
   8500 | 2014-02-17   |  115 |     10
   8572 | 2014-02-17   |   78 |     10
   8627 | 2014-02-16   |   57 |     10
   8746 | 2014-02-17   |   89 |     10
   9640 | 2014-02-10   |   18 |     10
   9764 | 2014-02-16   |   69 |     10
    395 | 2014-02-10   |   19 |     11
    647 | 2014-02-16   |   81 |     11
   1837 | 2014-02-10   |   12 |     11
   2906 | 2014-02-08   |    0 |     11
   3156 | 2014-02-12   |   28 |     11
   3835 | 2014-02-16   |   78 |     11
   4310 | 2014-02-11   |   33 |     11
   4592 | 2014-02-16   |   63 |     11
   4616 | 2014-02-16   |   84 |     11
   4690 | 2014-02-12   |   49 |     11
   4969 | 2014-02-13   |   52 |     11
   5495 | 2014-02-16   |   71 |     11
   5654 | 2014-02-17   |   80 |     11
   6797 | 2014-02-11   |   30 |     11
   7819 | 2014-02-17   |  110 |     11
   8179 | 2014-02-10   |   18 |     11
   8387 | 2014-02-15   |   80 |     11
   8509 | 2014-02-17   |   80 |     11
   8907 | 2014-02-17   |   78 |     11
   9047 | 2014-02-09   |   10 |     11
   9051 | 2014-02-10   |   13 |     11
   9521 | 2014-02-11   |   21 |     11
   9559 | 2014-02-14   |   52 |     11
   9657 | 2014-02-15   |   68 |     11
    288 | 2014-02-15   |   68 |     12
   1347 | 2014-02-13   |   58 |     12
   2449 | 2014-02-17   |   89 |     12
   4300 | 2014-02-14   |   61 |     12
   4380 | 2014-02-11   |   21 |     12
   4592 | 2014-02-16   |   63 |     12
   4832 | 2014-02-11   |   32 |     12
   4969 | 2014-02-13   |   52 |     12
   5619 | 2014-02-11   |   31 |     12
   6875 | 2014-02-11   |   30 |     12
   7753 | 2014-02-12   |   45 |     12
   7908 | 2014-02-17   |   80 |     12
   8388 | 2014-02-10   |   17 |     12
   8746 | 2014-02-17   |   89 |     12
   9306 | 2014-02-13   |   46 |     12
   9775 | 2014-02-17   |  101 |     12
   9965 | 2014-02-11   |   27 |     12
    227 | 2014-02-10   |   16 |     13
   1435 | 2014-02-15   |   70 |     13
   4062 | 2014-02-14   |   60 |     13
   6509 | 2014-02-15   |   63 |     13
   8038 | 2014-02-09   |    9 |     13
   9055 | 2014-02-13   |   38 |     13
   9079 | 2014-02-17   |   95 |     13
   9146 | 2014-02-14   |   63 |     13
   9897 | 2014-02-12   |   48 |     13
    231 | 2014-02-17   |  103 |     14
   2772 | 2014-02-16   |   80 |     14
   3037 | 2014-02-11   |   24 |     14
   7364 | 2014-02-09   |    3 |     14
   8179 | 2014-02-10   |   15 |     14
   9559 | 2014-02-14   |   49 |     14
   6114 | 2014-02-09   |    6 |     15
   7807 | 2014-02-12   |   36 |     15
   7882 | 2014-02-11   |   30 |     15
   2772 | 2014-02-16   |   78 |     16
   4773 | 2014-02-09   |    5 |     16
   5081 | 2014-02-16   |   81 |     16
   7633 | 2014-02-17   |   73 |     16
   6211 | 2014-02-09   |    7 |     17
   3229 | 2014-02-15   |   71 |     18
(1189 rows)

