 userid |    path     
--------+-------------
    154 | 28,29,30
    287 | 131,132,133
    467 | 140,141,142
   1001 | 77,78,79
   1158 | 40,41,42
   1552 | 92,93,94
   2138 | 137,138,139
   3101 | 9,10,11
   3113 | 156,157,158
   3454 | 97,98,99
   4056 | 188,189,190
   4121 | 29,30,31
   4256 | 56,57,58
   4713 | 25,26,27
   4714 | 197,198,199
   5008 | 53,54,55
   6015 | 36,37,38
   6094 | 106,107,108
   6178 | 56,57,58
   6422 | 38,39,40
   6619 | 129,130,131
   7084 | 181,182,183
   7831 | 194,195,196
   8480 | 196,197,198
   8627 | 107,108,109
   9102 | 145,146,147
   9364 | 107,108,109
   9598 | 24,25,26
(28 rows)

