 userid |   start    | start_pos | length 
--------+------------+-----------+--------
      4 | 2014-02-25 |       166 |      2
      7 | 2014-02-18 |        91 |      2
     22 | 2014-02-13 |        44 |      2
     33 | 2014-02-12 |        31 |      2
     43 | 2014-02-21 |       146 |      2
     49 | 2014-02-16 |        77 |      2
     77 | 2014-02-23 |       145 |      2
    101 | 2014-02-12 |        48 |      2
    116 | 2014-02-21 |       132 |      2
    146 | 2014-02-21 |       116 |      2
    165 | 2014-02-12 |        42 |      2
    169 | 2014-02-16 |        80 |      2
    210 | 2014-02-24 |       155 |      2
    214 | 2014-02-13 |        47 |      2
    264 | 2014-02-27 |       194 |      2
    273 | 2014-02-16 |        76 |      2
    299 | 2014-02-13 |        43 |      2
    366 | 2014-02-19 |       133 |      2
    414 | 2014-02-24 |       135 |      2
    437 | 2014-02-24 |       172 |      2
    479 | 2014-02-12 |        53 |      2
    512 | 2014-02-27 |       177 |      2
    536 | 2014-02-24 |       150 |      2
    542 | 2014-02-09 |        15 |      2
    575 | 2014-02-22 |       146 |      2
    609 | 2014-02-20 |       129 |      2
    646 | 2014-02-23 |       165 |      2
    698 | 2014-02-21 |       138 |      2
    720 | 2014-02-12 |        36 |      2
    726 | 2014-02-09 |        21 |      2
    741 | 2014-02-10 |        19 |      2
    747 | 2014-02-27 |       212 |      2
    768 | 2014-02-11 |        37 |      2
    816 | 2014-02-18 |        93 |      2
    825 | 2014-02-11 |        23 |      2
    866 | 2014-02-12 |        44 |      2
    889 | 2014-02-18 |       107 |      2
    890 | 2014-02-21 |       146 |      2
    912 | 2014-02-17 |       118 |      2
    925 | 2014-02-15 |        79 |      2
    950 | 2014-02-17 |        93 |      2
    955 | 2014-02-18 |       104 |      2
    969 | 2014-02-10 |        20 |      2
    997 | 2014-02-15 |        67 |      2
    997 | 2014-02-24 |       140 |      2
      9 | 2014-02-22 |       128 |      3
     19 | 2014-02-23 |       143 |      3
     22 | 2014-02-10 |        16 |      3
     22 | 2014-02-13 |        44 |      3
     28 | 2014-02-11 |        27 |      3
     54 | 2014-02-09 |         7 |      3
     78 | 2014-02-08 |         5 |      3
    103 | 2014-02-26 |       192 |      3
    132 | 2014-02-17 |        83 |      3
    146 | 2014-02-27 |       184 |      3
    182 | 2014-02-20 |       111 |      3
    184 | 2014-02-27 |       216 |      3
    185 | 2014-02-24 |       151 |      3
    242 | 2014-02-26 |       181 |      3
    316 | 2014-02-22 |       126 |      3
    319 | 2014-02-09 |         5 |      3
    333 | 2014-02-08 |        10 |      3
    433 | 2014-02-15 |        61 |      3
    458 | 2014-02-23 |       177 |      3
    537 | 2014-02-22 |       130 |      3
    542 | 2014-02-16 |        85 |      3
    638 | 2014-02-14 |        68 |      3
    658 | 2014-02-20 |       102 |      3
    764 | 2014-02-21 |       128 |      3
    792 | 2014-02-20 |       104 |      3
    889 | 2014-02-18 |       106 |      3
    899 | 2014-02-22 |       137 |      3
    907 | 2014-02-17 |        81 |      3
    948 | 2014-02-17 |        80 |      3
    950 | 2014-02-17 |        92 |      3
    997 | 2014-02-15 |        67 |      3
      5 | 2014-02-08 |         3 |      4
     43 | 2014-02-20 |       127 |      4
     65 | 2014-02-21 |       110 |      4
     67 | 2014-02-09 |         9 |      4
     86 | 2014-02-24 |       163 |      4
     86 | 2014-02-25 |       172 |      4
    109 | 2014-02-16 |        78 |      4
    151 | 2014-02-24 |       178 |      4
    211 | 2014-02-25 |       168 |      4
    268 | 2014-02-16 |        72 |      4
    296 | 2014-02-20 |       123 |      4
    310 | 2014-02-27 |       179 |      4
    323 | 2014-02-16 |        84 |      4
    335 | 2014-02-17 |        89 |      4
    561 | 2014-02-26 |       172 |      4
    598 | 2014-02-19 |       112 |      4
    609 | 2014-02-20 |       127 |      4
    618 | 2014-02-14 |        59 |      4
    692 | 2014-02-19 |       103 |      4
    747 | 2014-02-27 |       210 |      4
    764 | 2014-02-21 |       127 |      4
    815 | 2014-02-18 |       120 |      4
    851 | 2014-02-21 |       132 |      4
    918 | 2014-02-26 |       166 |      4
    921 | 2014-02-23 |       144 |      4
    925 | 2014-02-15 |        77 |      4
    931 | 2014-02-15 |        69 |      4
    995 | 2014-02-16 |        69 |      4
      2 | 2014-02-23 |       153 |      5
     32 | 2014-02-21 |       122 |      5
     88 | 2014-02-10 |        22 |      5
    100 | 2014-02-16 |        84 |      5
    138 | 2014-02-23 |       159 |      5
    214 | 2014-02-16 |        78 |      5
    347 | 2014-02-13 |        46 |      5
    507 | 2014-02-22 |       140 |      5
    543 | 2014-02-13 |        52 |      5
    545 | 2014-02-15 |        56 |      5
    554 | 2014-02-19 |       105 |      5
    636 | 2014-02-16 |        73 |      5
    733 | 2014-02-26 |       176 |      5
    815 | 2014-02-13 |        54 |      5
    820 | 2014-02-17 |       103 |      5
    881 | 2014-02-12 |        38 |      5
    908 | 2014-02-24 |       160 |      5
     81 | 2014-02-11 |        21 |      6
    139 | 2014-02-23 |       124 |      6
    145 | 2014-02-25 |       182 |      6
    156 | 2014-02-22 |       144 |      6
    181 | 2014-02-21 |       125 |      6
    187 | 2014-02-17 |        92 |      6
    291 | 2014-02-09 |         5 |      6
    292 | 2014-02-15 |        63 |      6
    335 | 2014-02-21 |       128 |      6
    357 | 2014-02-26 |       174 |      6
    387 | 2014-02-12 |        28 |      6
    417 | 2014-02-25 |       157 |      6
    425 | 2014-02-16 |        67 |      6
    507 | 2014-02-22 |       139 |      6
    521 | 2014-02-19 |       109 |      6
    546 | 2014-02-09 |         6 |      6
    550 | 2014-02-11 |        25 |      6
    554 | 2014-02-19 |       104 |      6
    556 | 2014-02-12 |        40 |      6
    566 | 2014-02-10 |        13 |      6
    726 | 2014-02-18 |       121 |      6
    768 | 2014-02-21 |       148 |      6
    908 | 2014-02-24 |       159 |      6
    933 | 2014-02-10 |        22 |      6
    934 | 2014-02-10 |        21 |      6
    946 | 2014-02-20 |       115 |      6
     16 | 2014-02-18 |        96 |      7
     19 | 2014-02-23 |       139 |      7
     66 | 2014-02-18 |        79 |      7
    105 | 2014-02-14 |        56 |      7
    127 | 2014-02-14 |        69 |      7
    165 | 2014-02-12 |        42 |      7
    198 | 2014-02-14 |        75 |      7
    320 | 2014-02-24 |       170 |      7
    372 | 2014-02-14 |        65 |      7
    377 | 2014-02-13 |        48 |      7
    393 | 2014-02-17 |        84 |      7
    400 | 2014-02-21 |       116 |      7
    480 | 2014-02-26 |       181 |      7
    651 | 2014-02-24 |       153 |      7
    753 | 2014-02-14 |        64 |      7
    796 | 2014-02-27 |       189 |      7
    820 | 2014-02-17 |       101 |      7
    850 | 2014-02-09 |         7 |      7
    890 | 2014-02-21 |       141 |      7
    902 | 2014-02-12 |        52 |      7
    934 | 2014-02-10 |        21 |      7
    963 | 2014-02-20 |       115 |      7
    985 | 2014-02-15 |        54 |      7
    998 | 2014-02-14 |        53 |      7
     39 | 2014-02-21 |       128 |      8
    101 | 2014-02-12 |        48 |      8
    161 | 2014-02-17 |        77 |      8
    444 | 2014-02-22 |       130 |      8
    504 | 2014-02-13 |        50 |      8
    520 | 2014-02-16 |        84 |      8
    535 | 2014-02-13 |        45 |      8
    822 | 2014-02-23 |       156 |      8
    881 | 2014-02-12 |        38 |      8
    954 | 2014-02-15 |        85 |      8
    963 | 2014-02-21 |       130 |      8
    964 | 2014-02-22 |       153 |      8
    995 | 2014-02-16 |        65 |      8
     16 | 2014-02-18 |        94 |      9
    145 | 2014-02-21 |       142 |      9
    181 | 2014-02-24 |       163 |      9
    198 | 2014-02-14 |        73 |      9
    207 | 2014-02-23 |       138 |      9
    299 | 2014-02-13 |        36 |      9
    356 | 2014-02-09 |         8 |      9
    499 | 2014-02-25 |       139 |      9
    612 | 2014-02-16 |        70 |      9
    636 | 2014-02-16 |        73 |      9
    767 | 2014-02-13 |        55 |      9
    881 | 2014-02-26 |       159 |      9
    178 | 2014-02-14 |        54 |     10
    286 | 2014-02-14 |        73 |     10
    325 | 2014-02-14 |        45 |     10
    359 | 2014-02-20 |       103 |     10
    376 | 2014-02-16 |        72 |     10
    516 | 2014-02-26 |       178 |     10
    677 | 2014-02-23 |       154 |     10
    767 | 2014-02-13 |        54 |     10
    889 | 2014-02-18 |       107 |     10
    282 | 2014-02-12 |        40 |     11
    489 | 2014-02-18 |        92 |     11
    753 | 2014-02-14 |        64 |     11
    777 | 2014-02-27 |       170 |     11
    886 | 2014-02-13 |        36 |     11
    889 | 2014-02-18 |       106 |     11
    919 | 2014-02-24 |       141 |     11
    998 | 2014-02-14 |        49 |     11
      5 | 2014-02-24 |       157 |     12
    489 | 2014-02-18 |        92 |     12
    726 | 2014-02-18 |       115 |     12
    742 | 2014-02-09 |         4 |     12
    919 | 2014-02-24 |       139 |     13
    421 | 2014-02-10 |        13 |     15
(219 rows)

